2013  4  1  0  0    0.0000 
2013  4  1  0  5    0.0000 
2013  4  1  0 10    0.0000 
2013  4  1  0 15    0.2540 
2013  4  1  0 20    0.0000 
2013  4  1  0 25    0.0000 
2013  4  1  0 30    0.0000 
2013  4  1  0 35    0.0000 
2013  4  1  0 40    0.0000 
2013  4  1  0 45    0.0000 
2013  4  1  0 50    0.0000 
2013  4  1  0 55    0.2540 
2013  4  1  1  0    0.0000 
2013  4  1  1  5    0.0000 
2013  4  1  1 10    0.0000 
2013  4  1  1 15    0.0000 
2013  4  1  1 20    0.0000 
2013  4  1  1 25    0.0000 
2013  4  1  1 30    0.2540 
2013  4  1  1 35    0.0000 
2013  4  1  1 40    0.0000 
2013  4  1  1 45    0.0000 
2013  4  1  1 50    0.0000 
2013  4  1  1 55    0.0000 
2013  4  1  2  0    0.0000 
2013  4  1  2  5    0.0000 
2013  4  1  2 10    0.0000 
2013  4  1  2 15    0.0000 
2013  4  1  2 20    0.0000 
2013  4  1  2 25    0.0000 
2013  4  1  2 30    0.0000 
2013  4  1  2 35    0.0000 
2013  4  1  2 40    0.0000 
2013  4  1  2 45    0.0000 
2013  4  1  2 50    0.0000 
2013  4  1  2 55    0.0000 
2013  4  1  3  0    0.0000 
2013  4  1  3  5    0.0000 
2013  4  1  3 10    0.0000 
2013  4  1  3 15    0.0000 
2013  4  1  3 20    0.0000 
2013  4  1  3 25    0.0000 
2013  4  1  3 30    0.0000 
2013  4  1  3 35    0.0000 
2013  4  1  3 40    0.0000 
2013  4  1  3 45    0.0000 
2013  4  1  3 50    0.0000 
2013  4  1  3 55    0.0000 
2013  4  1  4  0    0.0000 
2013  4  1  4  5    0.0000 
2013  4  1  4 10    0.0000 
2013  4  1  4 15    0.0000 
2013  4  1  4 20    0.0000 
2013  4  1  4 25    0.0000 
2013  4  1  4 30    0.0000 
2013  4  1  4 35    0.0000 
2013  4  1  4 40    0.0000 
2013  4  1  4 45    0.0000 
2013  4  1  4 50    0.0000 
2013  4  1  4 55    0.0000 
2013  4  1  5  0    0.0000 
2013  4  1  5  5    0.0000 
2013  4  1  5 10    0.0000 
2013  4  1  5 15    0.0000 
2013  4  1  5 20    0.0000 
2013  4  1  5 25    0.0000 
2013  4  1  5 30    0.0000 
2013  4  1  5 35    0.0000 
2013  4  1  5 40    0.0000 
2013  4  1  5 45    0.0000 
2013  4  1  5 50    0.0000 
2013  4  1  5 55    0.0000 
2013  4  1  6  0    0.0000 
2013  4  1  6  5    0.0000 
2013  4  1  6 10    0.0000 
2013  4  1  6 15    0.0000 
2013  4  1  6 20    0.0000 
2013  4  1  6 25    0.0000 
2013  4  1  6 30    0.0000 
2013  4  1  6 35    0.0000 
2013  4  1  6 40    0.0000 
2013  4  1  6 45    0.0000 
2013  4  1  6 50    0.0000 
2013  4  1  6 55    0.0000 
2013  4  1  7  0    0.0000 
2013  4  1  7  5    0.0000 
2013  4  1  7 10    0.2540 
2013  4  1  7 15    0.0000 
2013  4  1  7 20    0.0000 
2013  4  1  7 25    0.0000 
2013  4  1  7 30    0.0000 
2013  4  1  7 35    0.0000 
2013  4  1  7 40    0.0000 
2013  4  1  7 45    0.0000 
2013  4  1  7 50    0.0000 
2013  4  1  7 55    0.0000 
2013  4  1  8  0    0.0000 
2013  4  1  8  5    0.0000 
2013  4  1  8 10    0.0000 
2013  4  1  8 15    0.0000 
2013  4  1  8 20    0.0000 
2013  4  1  8 25    0.0000 
2013  4  1  8 30    0.0000 
2013  4  1  8 35    0.0000 
2013  4  1  8 40    0.0000 
2013  4  1  8 45    0.0000 
2013  4  1  8 50    0.0000 
2013  4  1  8 55    0.0000 
2013  4  1  9  0    0.0000 
2013  4  1  9  5    0.0000 
2013  4  1  9 10    0.0000 
2013  4  1  9 15    0.0000 
2013  4  1  9 20    0.0000 
2013  4  1  9 25    0.0000 
2013  4  1  9 30    0.0000 
2013  4  1  9 35    0.0000 
2013  4  1  9 40    0.0000 
2013  4  1  9 45    0.0000 
2013  4  1  9 50    0.0000 
2013  4  1  9 55    0.0000 
2013  4  1 10  0    0.0000 
2013  4  1 10  5    0.0000 
2013  4  1 10 10    0.0000 
2013  4  1 10 15    0.0000 
2013  4  1 10 20    0.0000 
2013  4  1 10 25    0.0000 
2013  4  1 10 30    0.0000 
2013  4  1 10 35    0.0000 
2013  4  1 10 40    0.0000 
2013  4  1 10 45    0.0000 
2013  4  1 10 50    0.0000 
2013  4  1 10 55    0.0000 
2013  4  1 11  0    0.0000 
2013  4  1 11  5    0.0000 
2013  4  1 11 10    0.0000 
2013  4  1 11 15    0.0000 
2013  4  1 11 20    0.0000 
2013  4  1 11 25    0.0000 
2013  4  1 11 30    0.0000 
2013  4  1 11 35    0.0000 
2013  4  1 11 40    0.0000 
2013  4  1 11 45    0.0000 
2013  4  1 11 50    0.0000 
2013  4  1 11 55    0.0000 
2013  4  1 12  0    0.0000 
2013  4  1 12  5    0.0000 
2013  4  1 12 10    0.0000 
2013  4  1 12 15    0.0000 
2013  4  1 12 20    0.0000 
2013  4  1 12 25    0.0000 
2013  4  1 12 30    0.0000 
2013  4  1 12 35    0.0000 
2013  4  1 12 40    0.0000 
2013  4  1 12 45    0.0000 
2013  4  1 12 50    0.0000 
2013  4  1 12 55    0.0000 
2013  4  1 13  0    0.0000 
2013  4  1 13  5    0.0000 
2013  4  1 13 10    0.0000 
2013  4  1 13 15    0.0000 
2013  4  1 13 20    0.0000 
2013  4  1 13 25    0.0000 
2013  4  1 13 30    0.0000 
2013  4  1 13 35    0.0000 
2013  4  1 13 40    0.0000 
2013  4  1 13 45    0.0000 
2013  4  1 13 50    0.0000 
2013  4  1 13 55    0.0000 
2013  4  1 14  0    0.0000 
2013  4  1 14  5    0.0000 
2013  4  1 14 10    0.0000 
2013  4  1 14 15    0.0000 
2013  4  1 14 20    0.0000 
2013  4  1 14 25    0.0000 
2013  4  1 14 30    0.0000 
2013  4  1 14 35    0.0000 
2013  4  1 14 40    0.0000 
2013  4  1 14 45    0.0000 
2013  4  1 14 50    0.0000 
2013  4  1 14 55    0.0000 
2013  4  1 15  0    0.0000 
2013  4  1 15  5    0.0000 
2013  4  1 15 10    0.0000 
2013  4  1 15 15    0.0000 
2013  4  1 15 20    0.0000 
2013  4  1 15 25    0.0000 
2013  4  1 15 30    0.0000 
2013  4  1 15 35    0.0000 
2013  4  1 15 40    0.0000 
2013  4  1 15 45    0.0000 
2013  4  1 15 50    0.0000 
2013  4  1 15 55    0.0000 
2013  4  1 16  0    0.0000 
2013  4  1 16  5    0.0000 
2013  4  1 16 10    0.0000 
2013  4  1 16 15    0.0000 
2013  4  1 16 20    0.0000 
2013  4  1 16 25    0.0000 
2013  4  1 16 30    0.0000 
2013  4  1 16 35    0.0000 
2013  4  1 16 40    0.0000 
2013  4  1 16 45    0.0000 
2013  4  1 16 50    0.0000 
2013  4  1 16 55    0.0000 
2013  4  1 17  0    0.0000 
2013  4  1 17  5    0.0000 
2013  4  1 17 10    0.0000 
2013  4  1 17 15    0.0000 
2013  4  1 17 20    0.0000 
2013  4  1 17 25    0.0000 
2013  4  1 17 30    0.0000 
2013  4  1 17 35    0.0000 
2013  4  1 17 40    0.0000 
2013  4  1 17 45    0.0000 
2013  4  1 17 50    0.0000 
2013  4  1 17 55    0.0000 
2013  4  1 18  0    0.0000 
2013  4  1 18  5    0.0000 
2013  4  1 18 10    0.0000 
2013  4  1 18 15    0.0000 
2013  4  1 18 20    0.0000 
2013  4  1 18 25    0.0000 
2013  4  1 18 30    0.0000 
2013  4  1 18 35    0.0000 
2013  4  1 18 40    0.0000 
2013  4  1 18 45    0.0000 
2013  4  1 18 50    0.0000 
2013  4  1 18 55    0.0000 
2013  4  1 19  0    0.0000 
2013  4  1 19  5    0.0000 
2013  4  1 19 10    0.0000 
2013  4  1 19 15    0.0000 
2013  4  1 19 20    0.0000 
2013  4  1 19 25    0.0000 
2013  4  1 19 30    0.0000 
2013  4  1 19 35    0.0000 
2013  4  1 19 40    0.0000 
2013  4  1 19 45    0.0000 
2013  4  1 19 50    0.0000 
2013  4  1 19 55    0.0000 
2013  4  1 20  0    0.0000 
2013  4  1 20  5    0.0000 
2013  4  1 20 10    0.0000 
2013  4  1 20 15    0.0000 
2013  4  1 20 20    0.0000 
2013  4  1 20 25    0.0000 
2013  4  1 20 30    0.0000 
2013  4  1 20 35    0.0000 
2013  4  1 20 40    0.0000 
2013  4  1 20 45    0.0000 
2013  4  1 20 50    0.0000 
2013  4  1 20 55    0.0000 
2013  4  1 21  0    0.0000 
2013  4  1 21 10    0.0000 
2013  4  1 21 15    0.0000 
2013  4  1 21 20    0.0000 
2013  4  1 21 25    0.0000 
2013  4  1 21 30    0.0000 
2013  4  1 21 35    0.0000 
2013  4  1 21 40    0.0000 
2013  4  1 21 45    0.0000 
2013  4  1 21 50    0.0000 
2013  4  1 21 55    0.0000 
2013  4  1 22  0    0.0000 
2013  4  1 22  5    0.0000 
2013  4  1 22 10    0.0000 
2013  4  1 22 15    0.0000 
2013  4  1 22 20    0.0000 
2013  4  1 22 25    0.0000 
2013  4  1 22 30    0.0000 
2013  4  1 22 35    0.0000 
2013  4  1 22 40    0.0000 
2013  4  1 22 45    0.0000 
2013  4  1 22 50    0.0000 
2013  4  1 22 55    0.0000 
2013  4  1 23  0    0.0000 
2013  4  1 23  5    0.0000 
2013  4  1 23 10    0.0000 
2013  4  1 23 15    0.0000 
2013  4  1 23 20    0.0000 
2013  4  1 23 25    0.0000 
2013  4  1 23 30    0.0000 
2013  4  1 23 35    0.0000 
2013  4  1 23 40    0.0000 
2013  4  1 23 45    0.0000 
2013  4  1 23 50    0.0000 
2013  4  1 23 55    0.0000 
2013  4  2  0  0    0.0000 
2013  4  2  0  5    0.0000 
2013  4  2  0 10    0.0000 
2013  4  2  0 15    0.0000 
2013  4  2  0 20    0.0000 
2013  4  2  0 25    0.0000 
2013  4  2  0 30    0.0000 
2013  4  2  0 35    0.0000 
2013  4  2  0 40    0.0000 
2013  4  2  0 45    0.0000 
2013  4  2  0 50    0.0000 
2013  4  2  0 55    0.0000 
2013  4  2  1  0    0.0000 
2013  4  2  1  5    0.0000 
2013  4  2  1 10    0.0000 
2013  4  2  1 15    0.0000 
2013  4  2  1 20    0.0000 
2013  4  2  1 25    0.0000 
2013  4  2  1 30    0.0000 
2013  4  2  1 35    0.0000 
2013  4  2  1 40    0.0000 
2013  4  2  1 45    0.0000 
2013  4  2  1 50    0.0000 
2013  4  2  1 55    0.0000 
2013  4  2  2  0    0.0000 
2013  4  2  2  5    0.0000 
2013  4  2  2 10    0.0000 
2013  4  2  2 15    0.0000 
2013  4  2  2 20    0.0000 
2013  4  2  2 25    0.0000 
2013  4  2  2 30    0.0000 
2013  4  2  2 35    0.0000 
2013  4  2  2 40    0.0000 
2013  4  2  2 45    0.0000 
2013  4  2  2 50    0.0000 
2013  4  2  2 55    0.0000 
2013  4  2  3  0    0.0000 
2013  4  2  3  5    0.0000 
2013  4  2  3 10    0.0000 
2013  4  2  3 15    0.0000 
2013  4  2  3 20    0.0000 
2013  4  2  3 25    0.0000 
2013  4  2  3 30    0.0000 
2013  4  2  3 35    0.0000 
2013  4  2  3 40    0.0000 
2013  4  2  3 45    0.0000 
2013  4  2  3 50    0.0000 
2013  4  2  3 55    0.0000 
2013  4  2  4  0    0.0000 
2013  4  2  4  5    0.0000 
2013  4  2  4 10    0.0000 
2013  4  2  4 15    0.0000 
2013  4  2  4 20    0.0000 
2013  4  2  4 25    0.0000 
2013  4  2  4 30    0.0000 
2013  4  2  4 35    0.0000 
2013  4  2  4 40    0.0000 
2013  4  2  4 45    0.0000 
2013  4  2  4 50    0.0000 
2013  4  2  4 55    0.0000 
2013  4  2  5  0    0.0000 
2013  4  2  5  5    0.0000 
2013  4  2  5 10    0.0000 
2013  4  2  5 15    0.0000 
2013  4  2  5 20    0.0000 
2013  4  2  5 25    0.0000 
2013  4  2  5 30    0.0000 
2013  4  2  5 35    0.0000 
2013  4  2  5 40    0.0000 
2013  4  2  5 45    0.0000 
2013  4  2  5 50    0.0000 
2013  4  2  5 55    0.0000 
2013  4  2  6  0    0.0000 
2013  4  2  6  5    0.0000 
2013  4  2  6 10    0.0000 
2013  4  2  6 15    0.0000 
2013  4  2  6 20    0.0000 
2013  4  2  6 25    0.0000 
2013  4  2  6 30    0.0000 
2013  4  2  6 35    0.0000 
2013  4  2  6 40    0.0000 
2013  4  2  6 45    0.0000 
2013  4  2  6 50    0.0000 
2013  4  2  6 55    0.0000 
2013  4  2  7  0    0.0000 
2013  4  2  7  5    0.0000 
2013  4  2  7 10    0.0000 
2013  4  2  7 15    0.0000 
2013  4  2  7 20    0.0000 
2013  4  2  7 25    0.0000 
2013  4  2  7 30    0.0000 
2013  4  2  7 35    0.0000 
2013  4  2  7 40    0.0000 
2013  4  2  7 45    0.0000 
2013  4  2  7 50    0.0000 
2013  4  2  7 55    0.0000 
2013  4  2  8  0    0.0000 
2013  4  2  8  5    0.0000 
2013  4  2  8 10    0.0000 
2013  4  2  8 15    0.0000 
2013  4  2  8 20    0.0000 
2013  4  2  8 25    0.0000 
2013  4  2  8 30    0.0000 
2013  4  2  8 35    0.0000 
2013  4  2  8 40    0.0000 
2013  4  2  8 45    0.0000 
2013  4  2  8 50    0.0000 
2013  4  2  8 55    0.0000 
2013  4  2  9  0    0.0000 
2013  4  2  9  5    0.0000 
2013  4  2  9 10    0.0000 
2013  4  2  9 15    0.0000 
2013  4  2  9 20    0.0000 
2013  4  2  9 25    0.0000 
2013  4  2  9 30    0.0000 
2013  4  2  9 35    0.0000 
2013  4  2  9 40    0.0000 
2013  4  2  9 45    0.0000 
2013  4  2  9 50    0.0000 
2013  4  2  9 55    0.0000 
2013  4  2 10  0    0.0000 
2013  4  2 10  5    0.0000 
2013  4  2 10 10    0.0000 
2013  4  2 10 15    0.0000 
2013  4  2 10 20    0.0000 
2013  4  2 10 25    0.0000 
2013  4  2 10 30    0.0000 
2013  4  2 10 35    0.0000 
2013  4  2 10 40    0.0000 
2013  4  2 10 45    0.0000 
2013  4  2 10 50    0.0000 
2013  4  2 10 55    0.0000 
2013  4  2 11  0    0.0000 
2013  4  2 11  5    0.0000 
2013  4  2 11 10    0.0000 
2013  4  2 11 15    0.0000 
2013  4  2 11 20    0.0000 
2013  4  2 11 25    0.0000 
2013  4  2 11 30    0.0000 
2013  4  2 11 35    0.0000 
2013  4  2 11 40    0.0000 
2013  4  2 11 45    0.0000 
2013  4  2 11 50    0.0000 
2013  4  2 11 55    0.0000 
2013  4  2 12  0    0.0000 
2013  4  2 12  5    0.0000 
2013  4  2 12 10    0.0000 
2013  4  2 12 15    0.0000 
2013  4  2 12 20    0.0000 
2013  4  2 12 25    0.0000 
2013  4  2 12 30    0.0000 
2013  4  2 12 35    0.0000 
2013  4  2 12 40    0.0000 
2013  4  2 12 45    0.0000 
2013  4  2 12 50    0.0000 
2013  4  2 12 55    0.0000 
2013  4  2 13  0    0.0000 
2013  4  2 13  5    0.0000 
2013  4  2 13 10    0.0000 
2013  4  2 13 15    0.0000 
2013  4  2 13 20    0.0000 
2013  4  2 13 25    0.0000 
2013  4  2 13 30    0.0000 
2013  4  2 13 35    0.0000 
2013  4  2 13 40    0.0000 
2013  4  2 13 45    0.0000 
2013  4  2 13 50    0.0000 
2013  4  2 13 55    0.0000 
2013  4  2 14  0    0.0000 
2013  4  2 14  5    0.0000 
2013  4  2 14 10    0.0000 
2013  4  2 14 15    0.0000 
2013  4  2 14 20    0.0000 
2013  4  2 14 25    0.0000 
2013  4  2 14 30    0.0000 
2013  4  2 14 35    0.0000 
2013  4  2 14 40    0.0000 
2013  4  2 14 45    0.0000 
2013  4  2 14 50    0.0000 
2013  4  2 14 55    0.0000 
2013  4  2 15  0    0.0000 
2013  4  2 15  5    0.0000 
2013  4  2 15 10    0.0000 
2013  4  2 15 15    0.0000 
2013  4  2 15 20    0.0000 
2013  4  2 15 25    0.0000 
2013  4  2 15 30    0.0000 
2013  4  2 15 35    0.0000 
2013  4  2 15 40    0.0000 
2013  4  2 15 45    0.0000 
2013  4  2 15 50    0.0000 
2013  4  2 15 55    0.0000 
2013  4  2 16  0    0.0000 
2013  4  2 16  5    0.0000 
2013  4  2 16 10    0.0000 
2013  4  2 16 15    0.0000 
2013  4  2 16 20    0.0000 
2013  4  2 16 25    0.0000 
2013  4  2 16 30    0.0000 
2013  4  2 16 35    0.0000 
2013  4  2 16 40    0.0000 
2013  4  2 16 45    0.0000 
2013  4  2 16 50    0.0000 
2013  4  2 16 55    0.0000 
2013  4  2 17  0    0.0000 
2013  4  2 17  5    0.0000 
2013  4  2 17 10    0.0000 
2013  4  2 17 15    0.0000 
2013  4  2 17 20    0.0000 
2013  4  2 17 25    0.0000 
2013  4  2 17 30    0.0000 
2013  4  2 17 35    0.0000 
2013  4  2 17 40    0.0000 
2013  4  2 17 45    0.0000 
2013  4  2 17 50    0.0000 
2013  4  2 17 55    0.0000 
2013  4  2 18  0    0.0000 
2013  4  2 18  5    0.0000 
2013  4  2 18 10    0.0000 
2013  4  2 18 15    0.0000 
2013  4  2 18 20    0.0000 
2013  4  2 18 25    0.0000 
2013  4  2 18 30    0.0000 
2013  4  2 18 35    0.0000 
2013  4  2 18 40    0.0000 
2013  4  2 18 45    0.0000 
2013  4  2 18 50    0.0000 
2013  4  2 18 55    0.0000 
2013  4  2 19  0    0.0000 
2013  4  2 19  5    0.0000 
2013  4  2 19 10    0.0000 
2013  4  2 19 15    0.0000 
2013  4  2 19 20    0.0000 
2013  4  2 19 25    0.0000 
2013  4  2 19 30    0.0000 
2013  4  2 19 35    0.0000 
2013  4  2 19 40    0.0000 
2013  4  2 19 45    0.0000 
2013  4  2 19 50    0.0000 
2013  4  2 19 55    0.0000 
2013  4  2 20  0    0.0000 
2013  4  2 20  5    0.0000 
2013  4  2 20 10    0.0000 
2013  4  2 20 15    0.0000 
2013  4  2 20 20    0.0000 
2013  4  2 20 25    0.0000 
2013  4  2 20 30    0.0000 
2013  4  2 20 35    0.0000 
2013  4  2 20 40    0.0000 
2013  4  2 20 45    0.0000 
2013  4  2 20 50    0.0000 
2013  4  2 20 55    0.0000 
2013  4  2 21  0    0.0000 
2013  4  2 21  5    0.0000 
2013  4  2 21 10    0.0000 
2013  4  2 21 15    0.0000 
2013  4  2 21 20    0.0000 
2013  4  2 21 25    0.0000 
2013  4  2 21 30    0.0000 
2013  4  2 21 35    0.0000 
2013  4  2 21 40    0.0000 
2013  4  2 21 45    0.0000 
2013  4  2 21 50    0.0000 
2013  4  2 21 55    0.0000 
2013  4  2 22  0    0.0000 
2013  4  2 22  5    0.0000 
2013  4  2 22 10    0.0000 
2013  4  2 22 15    0.0000 
2013  4  2 22 20    0.0000 
2013  4  2 22 25    0.0000 
2013  4  2 22 30    0.0000 
2013  4  2 22 35    0.0000 
2013  4  2 22 40    0.0000 
2013  4  2 22 45    0.0000 
2013  4  2 22 50    0.0000 
2013  4  2 22 55    0.0000 
2013  4  2 23  0    0.0000 
2013  4  2 23  5    0.0000 
2013  4  2 23 10    0.0000 
2013  4  2 23 15    0.0000 
2013  4  2 23 20    0.0000 
2013  4  2 23 25    0.0000 
2013  4  2 23 30    0.0000 
2013  4  2 23 35    0.0000 
2013  4  2 23 40    0.0000 
2013  4  2 23 45    0.0000 
2013  4  2 23 50    0.0000 
2013  4  2 23 55    0.0000 
2013  4  3  0  0    0.0000 
2013  4  3  0  5    0.0000 
2013  4  3  0 10    0.0000 
2013  4  3  0 15    0.0000 
2013  4  3  0 20    0.0000 
2013  4  3  0 25    0.0000 
2013  4  3  0 30    0.0000 
2013  4  3  0 35    0.0000 
2013  4  3  0 40    0.0000 
2013  4  3  0 45    0.0000 
2013  4  3  0 50    0.0000 
2013  4  3  0 55    0.0000 
2013  4  3  1  0    0.0000 
2013  4  3  1  5    0.0000 
2013  4  3  1 10    0.0000 
2013  4  3  1 15    0.0000 
2013  4  3  1 20    0.0000 
2013  4  3  1 25    0.0000 
2013  4  3  1 30    0.0000 
2013  4  3  1 35    0.0000 
2013  4  3  1 40    0.0000 
2013  4  3  1 45    0.0000 
2013  4  3  1 50    0.0000 
2013  4  3  1 55    0.0000 
2013  4  3  2  0    0.0000 
2013  4  3  2  5    0.0000 
2013  4  3  2 10    0.0000 
2013  4  3  2 15    0.0000 
2013  4  3  2 20    0.0000 
2013  4  3  2 25    0.0000 
2013  4  3  2 30    0.0000 
2013  4  3  2 35    0.0000 
2013  4  3  2 40    0.0000 
2013  4  3  2 45    0.0000 
2013  4  3  2 50    0.0000 
2013  4  3  2 55    0.0000 
2013  4  3  3  0    0.0000 
2013  4  3  3  5    0.0000 
2013  4  3  3 10    0.0000 
2013  4  3  3 15    0.0000 
2013  4  3  3 20    0.0000 
2013  4  3  3 25    0.0000 
2013  4  3  3 30    0.0000 
2013  4  3  3 35    0.0000 
2013  4  3  3 40    0.0000 
2013  4  3  3 45    0.0000 
2013  4  3  3 50    0.0000 
2013  4  3  3 55    0.0000 
2013  4  3  4  0    0.0000 
2013  4  3  4  5    0.0000 
2013  4  3  4 10    0.0000 
2013  4  3  4 15    0.0000 
2013  4  3  4 20    0.0000 
2013  4  3  4 25    0.0000 
2013  4  3  4 30    0.0000 
2013  4  3  4 35    0.0000 
2013  4  3  4 40    0.0000 
2013  4  3  4 45    0.0000 
2013  4  3  4 50    0.0000 
2013  4  3  4 55    0.0000 
2013  4  3  5  0    0.0000 
2013  4  3  5  5    0.0000 
2013  4  3  5 10    0.0000 
2013  4  3  5 15    0.0000 
2013  4  3  5 20    0.0000 
2013  4  3  5 25    0.0000 
2013  4  3  5 30    0.0000 
2013  4  3  5 35    0.0000 
2013  4  3  5 40    0.0000 
2013  4  3  5 45    0.0000 
2013  4  3  5 50    0.0000 
2013  4  3  5 55    0.0000 
2013  4  3  6  0    0.0000 
2013  4  3  6  5    0.0000 
2013  4  3  6 10    0.0000 
2013  4  3  6 15    0.0000 
2013  4  3  6 20    0.0000 
2013  4  3  6 25    0.0000 
2013  4  3  6 30    0.0000 
2013  4  3  6 35    0.0000 
2013  4  3  6 40    0.0000 
2013  4  3  6 45    0.0000 
2013  4  3  6 50    0.0000 
2013  4  3  6 55    0.0000 
2013  4  3  7  0    0.0000 
2013  4  3  7  5    0.0000 
2013  4  3  7 10    0.0000 
2013  4  3  7 15    0.0000 
2013  4  3  7 20    0.0000 
2013  4  3  7 25    0.0000 
2013  4  3  7 30    0.0000 
2013  4  3  7 35    0.0000 
2013  4  3  7 40    0.0000 
2013  4  3  7 45    0.0000 
2013  4  3  7 50    0.0000 
2013  4  3  7 55    0.0000 
2013  4  3  8  0    0.0000 
2013  4  3  8  5    0.0000 
2013  4  3  8 10    0.0000 
2013  4  3  8 15    0.0000 
2013  4  3  8 20    0.0000 
2013  4  3  8 25    0.0000 
2013  4  3  8 30    0.0000 
2013  4  3  8 35    0.0000 
2013  4  3  8 40    0.0000 
2013  4  3  8 45    0.0000 
2013  4  3  8 50    0.0000 
2013  4  3  8 55    0.0000 
2013  4  3  9  0    0.0000 
2013  4  3  9  5    0.0000 
2013  4  3  9 10    0.0000 
2013  4  3  9 15    0.0000 
2013  4  3  9 20    0.0000 
2013  4  3  9 25    0.0000 
2013  4  3  9 30    0.0000 
2013  4  3  9 35    0.0000 
2013  4  3  9 40    0.0000 
2013  4  3  9 45    0.0000 
2013  4  3  9 50    0.0000 
2013  4  3  9 55    0.0000 
2013  4  3 10  0    0.0000 
2013  4  3 10  5    0.0000 
2013  4  3 10 10    0.0000 
2013  4  3 10 15    0.0000 
2013  4  3 10 20    0.0000 
2013  4  3 10 25    0.0000 
2013  4  3 10 30    0.0000 
2013  4  3 10 35    0.0000 
2013  4  3 10 40    0.0000 
2013  4  3 10 45    0.0000 
2013  4  3 10 50    0.0000 
2013  4  3 10 55    0.0000 
2013  4  3 11  0    0.0000 
2013  4  3 11  5    0.0000 
2013  4  3 11 10    0.0000 
2013  4  3 11 15    0.0000 
2013  4  3 11 20    0.0000 
2013  4  3 11 25    0.0000 
2013  4  3 11 30    0.0000 
2013  4  3 11 35    0.0000 
2013  4  3 11 40    0.0000 
2013  4  3 11 45    0.0000 
2013  4  3 11 50    0.0000 
2013  4  3 11 55    0.0000 
2013  4  3 12  0    0.0000 
2013  4  3 12  5    0.0000 
2013  4  3 12 10    0.0000 
2013  4  3 12 15    0.0000 
2013  4  3 12 20    0.0000 
2013  4  3 12 25    0.0000 
2013  4  3 12 30    0.0000 
2013  4  3 12 35    0.0000 
2013  4  3 12 40    0.0000 
2013  4  3 12 45    0.0000 
2013  4  3 12 50    0.0000 
2013  4  3 12 55    0.0000 
2013  4  3 13  0    0.0000 
2013  4  3 13  5    0.0000 
2013  4  3 13 10    0.0000 
2013  4  3 13 15    0.0000 
2013  4  3 13 20    0.0000 
2013  4  3 13 25    0.0000 
2013  4  3 13 30    0.0000 
2013  4  3 13 35    0.0000 
2013  4  3 13 40    0.0000 
2013  4  3 13 45    0.0000 
2013  4  3 13 50    0.0000 
2013  4  3 13 55    0.0000 
2013  4  3 14  0    0.0000 
2013  4  3 14  5    0.0000 
2013  4  3 14 10    0.0000 
2013  4  3 14 15    0.0000 
2013  4  3 14 20    0.0000 
2013  4  3 14 25    0.0000 
2013  4  3 14 30    0.0000 
2013  4  3 14 35    0.0000 
2013  4  3 14 40    0.0000 
2013  4  3 14 45    0.0000 
2013  4  3 14 50    0.0000 
2013  4  3 14 55    0.0000 
2013  4  3 15  0    0.0000 
2013  4  3 15  5    0.0000 
2013  4  3 15 10    0.0000 
2013  4  3 15 15    0.0000 
2013  4  3 15 20    0.0000 
2013  4  3 15 25    0.0000 
2013  4  3 15 30    0.0000 
2013  4  3 15 35    0.0000 
2013  4  3 15 40    0.0000 
2013  4  3 15 45    0.0000 
2013  4  3 15 50    0.0000 
2013  4  3 15 55    0.0000 
2013  4  3 16  0    0.0000 
2013  4  3 16  5    0.0000 
2013  4  3 16 10    0.0000 
2013  4  3 16 15    0.0000 
2013  4  3 16 20    0.0000 
2013  4  3 16 25    0.0000 
2013  4  3 16 30    0.0000 
2013  4  3 16 35    0.0000 
2013  4  3 16 40    0.0000 
2013  4  3 16 45    0.0000 
2013  4  3 16 50    0.0000 
2013  4  3 16 55    0.0000 
2013  4  3 17  0    0.0000 
2013  4  3 17  5    0.0000 
2013  4  3 17 10    0.0000 
2013  4  3 17 15    0.0000 
2013  4  3 17 20    0.0000 
2013  4  3 17 25    0.0000 
2013  4  3 17 30    0.0000 
2013  4  3 17 35    0.0000 
2013  4  3 17 40    0.0000 
2013  4  3 17 45    0.0000 
2013  4  3 17 50    0.0000 
2013  4  3 17 55    0.0000 
2013  4  3 18  0    0.0000 
2013  4  3 18  5    0.0000 
2013  4  3 18 10    0.0000 
2013  4  3 18 15    0.0000 
2013  4  3 18 20    0.0000 
2013  4  3 18 25    0.0000 
2013  4  3 18 30    0.0000 
2013  4  3 18 35    0.0000 
2013  4  3 18 40    0.0000 
2013  4  3 18 45    0.0000 
2013  4  3 18 50    0.0000 
2013  4  3 18 55    0.0000 
2013  4  3 19  0    0.0000 
2013  4  3 19  5    0.0000 
2013  4  3 19 10    0.0000 
2013  4  3 19 15    0.0000 
2013  4  3 19 20    0.0000 
2013  4  3 19 25    0.0000 
2013  4  3 19 30    0.0000 
2013  4  3 19 35    0.0000 
2013  4  3 19 40    0.0000 
2013  4  3 19 45    0.0000 
2013  4  3 19 50    0.0000 
2013  4  3 19 55    0.0000 
2013  4  3 20  0    0.0000 
2013  4  3 20  5    0.0000 
2013  4  3 20 10    0.0000 
2013  4  3 20 15    0.0000 
2013  4  3 20 20    0.0000 
2013  4  3 20 25    0.0000 
2013  4  3 20 30    0.0000 
2013  4  3 20 35    0.0000 
2013  4  3 20 40    0.0000 
2013  4  3 20 45    0.0000 
2013  4  3 20 50    0.0000 
2013  4  3 20 55    0.0000 
2013  4  3 21  0    0.0000 
2013  4  3 21  5    0.0000 
2013  4  3 21 10    0.0000 
2013  4  3 21 15    0.0000 
2013  4  3 21 20    0.0000 
2013  4  3 21 25    0.0000 
2013  4  3 21 30    0.0000 
2013  4  3 21 35    0.0000 
2013  4  3 21 40    0.0000 
2013  4  3 21 45    0.0000 
2013  4  3 21 50    0.0000 
2013  4  3 21 55    0.0000 
2013  4  3 22  0    0.0000 
2013  4  3 22  5    0.0000 
2013  4  3 22 10    0.0000 
2013  4  3 22 15    0.0000 
2013  4  3 22 20    0.0000 
2013  4  3 22 25    0.0000 
2013  4  3 22 30    0.0000 
2013  4  3 22 35    0.0000 
2013  4  3 22 40    0.0000 
2013  4  3 22 45    0.0000 
2013  4  3 22 50    0.0000 
2013  4  3 22 55    0.0000 
2013  4  3 23  0    0.0000 
2013  4  3 23  5    0.0000 
2013  4  3 23 10    0.0000 
2013  4  3 23 15    0.0000 
2013  4  3 23 20    0.0000 
2013  4  3 23 25    0.0000 
2013  4  3 23 30    0.0000 
2013  4  3 23 35    0.0000 
2013  4  3 23 40    0.0000 
2013  4  3 23 45    0.0000 
2013  4  3 23 50    0.0000 
2013  4  3 23 55    0.0000 
2013  4  4  0  0    0.0000 
2013  4  4  0  5    0.0000 
2013  4  4  0 10    0.0000 
2013  4  4  0 15    0.0000 
2013  4  4  0 20    0.0000 
2013  4  4  0 25    0.0000 
2013  4  4  0 30    0.0000 
2013  4  4  0 35    0.0000 
2013  4  4  0 40    0.0000 
2013  4  4  0 45    0.0000 
2013  4  4  0 50    0.0000 
2013  4  4  0 55    0.0000 
2013  4  4  1  0    0.0000 
2013  4  4  1  5    0.0000 
2013  4  4  1 10    0.0000 
2013  4  4  1 15    0.0000 
2013  4  4  1 20    0.0000 
2013  4  4  1 25    0.0000 
2013  4  4  1 30    0.0000 
2013  4  4  1 35    0.0000 
2013  4  4  1 40    0.0000 
2013  4  4  1 45    0.0000 
2013  4  4  1 50    0.0000 
2013  4  4  1 55    0.0000 
2013  4  4  2  0    0.0000 
2013  4  4  2  5    0.0000 
2013  4  4  2 10    0.0000 
2013  4  4  2 15    0.0000 
2013  4  4  2 20    0.0000 
2013  4  4  2 25    0.0000 
2013  4  4  2 30    0.0000 
2013  4  4  2 35    0.0000 
2013  4  4  2 40    0.0000 
2013  4  4  2 45    0.0000 
2013  4  4  2 50    0.0000 
2013  4  4  2 55    0.0000 
2013  4  4  3  0    0.0000 
2013  4  4  3  5    0.0000 
2013  4  4  3 10    0.0000 
2013  4  4  3 15    0.0000 
2013  4  4  3 20    0.0000 
2013  4  4  3 25    0.0000 
2013  4  4  3 30    0.0000 
2013  4  4  3 35    0.0000 
2013  4  4  3 40    0.0000 
2013  4  4  3 45    0.0000 
2013  4  4  3 50    0.0000 
2013  4  4  3 55    0.0000 
2013  4  4  4  0    0.0000 
2013  4  4  4  5    0.0000 
2013  4  4  4 10    0.0000 
2013  4  4  4 15    0.0000 
2013  4  4  4 20    0.0000 
2013  4  4  4 25    0.0000 
2013  4  4  4 30    0.0000 
2013  4  4  4 35    0.0000 
2013  4  4  4 40    0.0000 
2013  4  4  4 45    0.0000 
2013  4  4  4 50    0.0000 
2013  4  4  4 55    0.0000 
2013  4  4  5  0    0.0000 
2013  4  4  5  5    0.0000 
2013  4  4  5 10    0.0000 
2013  4  4  5 15    0.0000 
2013  4  4  5 20    0.0000 
2013  4  4  5 25    0.0000 
2013  4  4  5 30    0.0000 
2013  4  4  5 35    0.0000 
2013  4  4  5 40    0.0000 
2013  4  4  5 45    0.0000 
2013  4  4  5 50    0.0000 
2013  4  4  5 55    0.0000 
2013  4  4  6  0    0.0000 
2013  4  4  6  5    0.0000 
2013  4  4  6 10    0.0000 
2013  4  4  6 15    0.0000 
2013  4  4  6 20    0.0000 
2013  4  4  6 25    0.0000 
2013  4  4  6 30    0.0000 
2013  4  4  6 35    0.0000 
2013  4  4  6 40    0.0000 
2013  4  4  6 45    0.0000 
2013  4  4  6 50    0.0000 
2013  4  4  6 55    0.0000 
2013  4  4  7  0    0.0000 
2013  4  4  7  5    0.0000 
2013  4  4  7 10    0.0000 
2013  4  4  7 15    0.0000 
2013  4  4  7 20    0.0000 
2013  4  4  7 25    0.0000 
2013  4  4  7 30    0.0000 
2013  4  4  7 35    0.0000 
2013  4  4  7 40    0.0000 
2013  4  4  7 45    0.0000 
2013  4  4  7 50    0.0000 
2013  4  4  7 55    0.0000 
2013  4  4  8  0    0.0000 
2013  4  4  8  5    0.0000 
2013  4  4  8 10    0.0000 
2013  4  4  8 15    0.0000 
2013  4  4  8 20    0.0000 
2013  4  4  8 25    0.0000 
2013  4  4  8 30    0.0000 
2013  4  4  8 35    0.0000 
2013  4  4  8 40    0.0000 
2013  4  4  8 45    0.0000 
2013  4  4  8 50    0.0000 
2013  4  4  8 55    0.0000 
2013  4  4  9  0    0.0000 
2013  4  4  9  5    0.0000 
2013  4  4  9 10    0.0000 
2013  4  4  9 15    0.0000 
2013  4  4  9 20    0.0000 
2013  4  4  9 25    0.0000 
2013  4  4  9 30    0.0000 
2013  4  4  9 35    0.0000 
2013  4  4  9 40    0.0000 
2013  4  4  9 45    0.0000 
2013  4  4  9 50    0.0000 
2013  4  4  9 55    0.0000 
2013  4  4 10  0    0.0000 
2013  4  4 10  5    0.0000 
2013  4  4 10 10    0.0000 
2013  4  4 10 15    0.0000 
2013  4  4 10 20    0.0000 
2013  4  4 10 25    0.0000 
2013  4  4 10 30    0.0000 
2013  4  4 10 35    0.0000 
2013  4  4 10 40    0.0000 
2013  4  4 10 45    0.0000 
2013  4  4 10 50    0.0000 
2013  4  4 10 55    0.0000 
2013  4  4 11  0    0.0000 
2013  4  4 11  5    0.0000 
2013  4  4 11 10    0.0000 
2013  4  4 11 15    0.0000 
2013  4  4 11 20    0.0000 
2013  4  4 11 25    0.0000 
2013  4  4 11 30    0.0000 
2013  4  4 11 35    0.0000 
2013  4  4 11 40    0.0000 
2013  4  4 11 45    0.0000 
2013  4  4 11 50    0.0000 
2013  4  4 11 55    0.0000 
2013  4  4 12  0    0.0000 
2013  4  4 12  5    0.0000 
2013  4  4 12 10    0.0000 
2013  4  4 12 15    0.0000 
2013  4  4 12 20    0.0000 
2013  4  4 12 25    0.0000 
2013  4  4 12 30    0.0000 
2013  4  4 12 35    0.0000 
2013  4  4 12 40    0.0000 
2013  4  4 12 45    0.0000 
2013  4  4 12 50    0.0000 
2013  4  4 12 55    0.0000 
2013  4  4 13  0    0.0000 
2013  4  4 13  5    0.0000 
2013  4  4 13 10    0.0000 
2013  4  4 13 15    0.0000 
2013  4  4 13 20    0.0000 
2013  4  4 13 25    0.0000 
2013  4  4 13 30    0.0000 
2013  4  4 13 35    0.0000 
2013  4  4 13 40    0.0000 
2013  4  4 13 45    0.0000 
2013  4  4 13 50    0.0000 
2013  4  4 13 55    0.0000 
2013  4  4 14  0    0.0000 
2013  4  4 14  5    0.0000 
2013  4  4 14 10    0.0000 
2013  4  4 14 15    0.0000 
2013  4  4 14 20    0.0000 
2013  4  4 14 25    0.0000 
2013  4  4 14 30    0.0000 
2013  4  4 14 35    0.0000 
2013  4  4 14 40    0.0000 
2013  4  4 14 45    0.0000 
2013  4  4 14 50    0.0000 
2013  4  4 14 55    0.0000 
2013  4  4 15  0    0.0000 
2013  4  4 15  5    0.0000 
2013  4  4 15 10    0.0000 
2013  4  4 15 15    0.0000 
2013  4  4 15 20    0.0000 
2013  4  4 15 25    0.0000 
2013  4  4 15 30    0.0000 
2013  4  4 15 35    0.0000 
2013  4  4 15 40    0.0000 
2013  4  4 15 45    0.0000 
2013  4  4 15 50    0.0000 
2013  4  4 15 55    0.0000 
2013  4  4 16  0    0.0000 
2013  4  4 16  5    0.0000 
2013  4  4 16 10    0.0000 
2013  4  4 16 15    0.0000 
2013  4  4 16 20    0.0000 
2013  4  4 16 25    0.0000 
2013  4  4 16 30    0.0000 
2013  4  4 16 35    0.0000 
2013  4  4 16 40    0.0000 
2013  4  4 16 45    0.0000 
2013  4  4 16 50    0.0000 
2013  4  4 16 55    0.0000 
2013  4  4 17  0    0.0000 
2013  4  4 17  5    0.0000 
2013  4  4 17 10    0.0000 
2013  4  4 17 15    0.0000 
2013  4  4 17 20    0.0000 
2013  4  4 17 25    0.0000 
2013  4  4 17 30    0.0000 
2013  4  4 17 35    0.0000 
2013  4  4 17 40    0.0000 
2013  4  4 17 45    0.0000 
2013  4  4 17 50    0.0000 
2013  4  4 17 55    0.0000 
2013  4  4 18  0    0.0000 
2013  4  4 18  5    0.0000 
2013  4  4 18 10    0.0000 
2013  4  4 18 15    0.0000 
2013  4  4 18 20    0.0000 
2013  4  4 18 25    0.0000 
2013  4  4 18 30    0.0000 
2013  4  4 18 35    0.0000 
2013  4  4 18 40    0.0000 
2013  4  4 18 45    0.0000 
2013  4  4 18 50    0.0000 
2013  4  4 18 55    0.0000 
2013  4  4 19  0    0.0000 
2013  4  4 19  5    0.0000 
2013  4  4 19 10    0.0000 
2013  4  4 19 15    0.0000 
2013  4  4 19 20    0.0000 
2013  4  4 19 25    0.0000 
2013  4  4 19 30    0.0000 
2013  4  4 19 35    0.0000 
2013  4  4 19 40    0.0000 
2013  4  4 19 45    0.0000 
2013  4  4 19 50    0.0000 
2013  4  4 19 55    0.0000 
2013  4  4 20  0    0.0000 
2013  4  4 20  5    0.0000 
2013  4  4 20 10    0.0000 
2013  4  4 20 15    0.0000 
2013  4  4 20 20    0.0000 
2013  4  4 20 25    0.0000 
2013  4  4 20 30    0.0000 
2013  4  4 20 35    0.0000 
2013  4  4 20 40    0.0000 
2013  4  4 20 45    0.0000 
2013  4  4 20 50    0.0000 
2013  4  4 20 55    0.0000 
2013  4  4 21  0    0.0000 
2013  4  4 21  5    0.0000 
2013  4  4 21 10    0.0000 
2013  4  4 21 15    0.0000 
2013  4  4 21 20    0.0000 
2013  4  4 21 25    0.0000 
2013  4  4 21 30    0.0000 
2013  4  4 21 35    0.0000 
2013  4  4 21 40    0.0000 
2013  4  4 21 45    0.0000 
2013  4  4 21 50    0.0000 
2013  4  4 21 55    0.0000 
2013  4  4 22  0    0.0000 
2013  4  4 22  5    0.0000 
2013  4  4 22 10    0.0000 
2013  4  4 22 15    0.0000 
2013  4  4 22 20    0.0000 
2013  4  4 22 25    0.0000 
2013  4  4 22 30    0.0000 
2013  4  4 22 35    0.0000 
2013  4  4 22 40    0.0000 
2013  4  4 22 45    0.0000 
2013  4  4 22 50    0.0000 
2013  4  4 22 55    0.0000 
2013  4  4 23  0    0.0000 
2013  4  4 23  5    0.0000 
2013  4  4 23 10    0.0000 
2013  4  4 23 15    0.0000 
2013  4  4 23 20    0.0000 
2013  4  4 23 25    0.0000 
2013  4  4 23 30    0.0000 
2013  4  4 23 35    0.0000 
2013  4  4 23 40    0.0000 
2013  4  4 23 45    0.0000 
2013  4  4 23 50    0.0000 
2013  4  4 23 55    0.0000 
2013  4  5  0  0    0.0000 
2013  4  5  0  5    0.0000 
2013  4  5  0 10    0.0000 
2013  4  5  0 15    0.0000 
2013  4  5  0 20    0.0000 
2013  4  5  0 25    0.0000 
2013  4  5  0 30    0.0000 
2013  4  5  0 35    0.0000 
2013  4  5  0 40    0.0000 
2013  4  5  0 45    0.0000 
2013  4  5  0 50    0.0000 
2013  4  5  0 55    0.0000 
2013  4  5  1  0    0.0000 
2013  4  5  1  5    0.0000 
2013  4  5  1 10    0.0000 
2013  4  5  1 15    0.0000 
2013  4  5  1 20    0.0000 
2013  4  5  1 25    0.0000 
2013  4  5  1 30    0.0000 
2013  4  5  1 35    0.0000 
2013  4  5  1 40    0.0000 
2013  4  5  1 45    0.0000 
2013  4  5  1 50    0.0000 
2013  4  5  1 55    0.0000 
2013  4  5  2  0    0.0000 
2013  4  5  2  5    0.0000 
2013  4  5  2 10    0.0000 
2013  4  5  2 15    0.0000 
2013  4  5  2 20    0.0000 
2013  4  5  2 25    0.0000 
2013  4  5  2 30    0.0000 
2013  4  5  2 35    0.0000 
2013  4  5  2 40    0.0000 
2013  4  5  2 45    0.0000 
2013  4  5  2 50    0.0000 
2013  4  5  2 55    0.0000 
2013  4  5  3  0    0.0000 
2013  4  5  3  5    0.0000 
2013  4  5  3 10    0.0000 
2013  4  5  3 15    0.0000 
2013  4  5  3 20    0.0000 
2013  4  5  3 25    0.0000 
2013  4  5  3 30    0.0000 
2013  4  5  3 35    0.0000 
2013  4  5  3 40    0.0000 
2013  4  5  3 45    0.0000 
2013  4  5  3 50    0.0000 
2013  4  5  3 55    0.0000 
2013  4  5  4  0    0.0000 
2013  4  5  4  5    0.0000 
2013  4  5  4 10    0.0000 
2013  4  5  4 15    0.0000 
2013  4  5  4 20    0.0000 
2013  4  5  4 25    0.0000 
2013  4  5  4 30    0.0000 
2013  4  5  4 35    0.0000 
2013  4  5  4 40    0.0000 
2013  4  5  4 45    0.0000 
2013  4  5  4 50    0.0000 
2013  4  5  4 55    0.0000 
2013  4  5  5  0    0.0000 
2013  4  5  5  5    0.0000 
2013  4  5  5 10    0.0000 
2013  4  5  5 15    0.0000 
2013  4  5  5 20    0.0000 
2013  4  5  5 25    0.0000 
2013  4  5  5 30    0.0000 
2013  4  5  5 35    0.0000 
2013  4  5  5 40    0.0000 
2013  4  5  5 45    0.0000 
2013  4  5  5 50    0.0000 
2013  4  5  5 55    0.0000 
2013  4  5  6  0    0.0000 
2013  4  5  6  5    0.0000 
2013  4  5  6 10    0.0000 
2013  4  5  6 15    0.0000 
2013  4  5  6 20    0.0000 
2013  4  5  6 25    0.0000 
2013  4  5  6 30    0.0000 
2013  4  5  6 35    0.0000 
2013  4  5  6 40    0.0000 
2013  4  5  6 45    0.0000 
2013  4  5  6 50    0.0000 
2013  4  5  6 55    0.0000 
2013  4  5  7  0    0.0000 
2013  4  5  7  5    0.0000 
2013  4  5  7 10    0.0000 
2013  4  5  7 15    0.0000 
2013  4  5  7 20    0.0000 
2013  4  5  7 25    0.0000 
2013  4  5  7 30    0.0000 
2013  4  5  7 35    0.0000 
2013  4  5  7 40    0.0000 
2013  4  5  7 45    0.0000 
2013  4  5  7 50    0.0000 
2013  4  5  7 55    0.0000 
2013  4  5  8  0    0.0000 
2013  4  5  8  5    0.0000 
2013  4  5  8 10    0.0000 
2013  4  5  8 15    0.0000 
2013  4  5  8 20    0.0000 
2013  4  5  8 25    0.0000 
2013  4  5  8 30    0.0000 
2013  4  5  8 35    0.0000 
2013  4  5  8 40    0.0000 
2013  4  5  8 45    0.0000 
2013  4  5  8 50    0.0000 
2013  4  5  8 55    0.0000 
2013  4  5  9  0    0.0000 
2013  4  5  9  5    0.0000 
2013  4  5  9 10    0.0000 
2013  4  5  9 15    0.0000 
2013  4  5  9 20    0.0000 
2013  4  5  9 25    0.0000 
2013  4  5  9 30    0.0000 
2013  4  5  9 35    0.0000 
2013  4  5  9 40    0.0000 
2013  4  5  9 45    0.0000 
2013  4  5  9 50    0.0000 
2013  4  5  9 55    0.0000 
2013  4  5 10  0    0.0000 
2013  4  5 10  5    0.0000 
2013  4  5 10 10    0.0000 
2013  4  5 10 15    0.0000 
2013  4  5 10 20    0.0000 
2013  4  5 10 25    0.0000 
2013  4  5 10 30    0.0000 
2013  4  5 10 35    0.0000 
2013  4  5 10 40    0.0000 
2013  4  5 10 45    0.0000 
2013  4  5 10 50    0.0000 
2013  4  5 10 55    0.0000 
2013  4  5 11  0    0.0000 
2013  4  5 11  5    0.0000 
2013  4  5 11 10    0.0000 
2013  4  5 11 15    0.0000 
2013  4  5 11 20    0.0000 
2013  4  5 11 25    0.0000 
2013  4  5 11 30    0.0000 
2013  4  5 11 35    0.0000 
2013  4  5 11 40    0.0000 
2013  4  5 11 45    0.0000 
2013  4  5 11 50    0.0000 
2013  4  5 11 55    0.0000 
2013  4  5 12  0    0.0000 
2013  4  5 12  5    0.0000 
2013  4  5 12 10    0.0000 
2013  4  5 12 15    0.0000 
2013  4  5 12 20    0.0000 
2013  4  5 12 25    0.0000 
2013  4  5 12 30    0.0000 
2013  4  5 12 35    0.0000 
2013  4  5 12 40    0.0000 
2013  4  5 12 45    0.0000 
2013  4  5 12 50    0.0000 
2013  4  5 12 55    0.0000 
2013  4  5 13  0    0.0000 
2013  4  5 13  5    0.0000 
2013  4  5 13 10    0.0000 
2013  4  5 13 15    0.0000 
2013  4  5 13 20    0.0000 
2013  4  5 13 25    0.0000 
2013  4  5 13 30    0.0000 
2013  4  5 13 35    0.0000 
2013  4  5 13 40    0.0000 
2013  4  5 13 45    0.0000 
2013  4  5 13 50    0.0000 
2013  4  5 13 55    0.0000 
2013  4  5 14  0    0.0000 
2013  4  5 14  5    0.0000 
2013  4  5 14 10    0.0000 
2013  4  5 14 15    0.0000 
2013  4  5 14 20    0.0000 
2013  4  5 14 25    0.0000 
2013  4  5 14 30    0.0000 
2013  4  5 14 35    0.0000 
2013  4  5 14 40    0.0000 
2013  4  5 14 45    0.0000 
2013  4  5 14 50    0.0000 
2013  4  5 14 55    0.0000 
2013  4  5 15  0    0.0000 
2013  4  5 15  5    0.0000 
2013  4  5 15 10    0.0000 
2013  4  5 15 15    0.0000 
2013  4  5 15 20    0.0000 
2013  4  5 15 25    0.0000 
2013  4  5 15 30    0.0000 
2013  4  5 15 35    0.0000 
2013  4  5 15 40    0.0000 
2013  4  5 15 45    0.0000 
2013  4  5 15 50    0.0000 
2013  4  5 15 55    0.0000 
2013  4  5 16  0    0.0000 
2013  4  5 16  5    0.0000 
2013  4  5 16 10    0.0000 
2013  4  5 16 15    0.0000 
2013  4  5 16 20    0.0000 
2013  4  5 16 25    0.0000 
2013  4  5 16 30    0.0000 
2013  4  5 16 35    0.0000 
2013  4  5 16 40    0.0000 
2013  4  5 16 45    0.0000 
2013  4  5 16 50    0.0000 
2013  4  5 16 55    0.0000 
2013  4  5 17  0    0.0000 
2013  4  5 17  5    0.0000 
2013  4  5 17 10    0.0000 
2013  4  5 17 15    0.0000 
2013  4  5 17 20    0.0000 
2013  4  5 17 25    0.0000 
2013  4  5 17 30    0.0000 
2013  4  5 17 35    0.0000 
2013  4  5 17 40    0.0000 
2013  4  5 17 45    0.0000 
2013  4  5 17 50    0.0000 
2013  4  5 17 55    0.0000 
2013  4  5 18  0    0.0000 
2013  4  5 18  5    0.0000 
2013  4  5 18 10    0.0000 
2013  4  5 18 15    0.0000 
2013  4  5 18 20    0.0000 
2013  4  5 18 25    0.0000 
2013  4  5 18 30    0.0000 
2013  4  5 18 35    0.0000 
2013  4  5 18 40    0.0000 
2013  4  5 18 45    0.0000 
2013  4  5 18 50    0.0000 
2013  4  5 18 55    0.0000 
2013  4  5 19  0    0.0000 
2013  4  5 19  5    0.0000 
2013  4  5 19 10    0.0000 
2013  4  5 19 15    0.0000 
2013  4  5 19 20    0.0000 
2013  4  5 19 25    0.0000 
2013  4  5 19 30    0.0000 
2013  4  5 19 35    0.0000 
2013  4  5 19 40    0.0000 
2013  4  5 19 45    0.0000 
2013  4  5 19 50    0.0000 
2013  4  5 19 55    0.0000 
2013  4  5 20  0    0.0000 
2013  4  5 20  5    0.0000 
2013  4  5 20 10    0.0000 
2013  4  5 20 15    0.0000 
2013  4  5 20 20    0.0000 
2013  4  5 20 25    0.0000 
2013  4  5 20 30    0.0000 
2013  4  5 20 35    0.0000 
2013  4  5 20 40    0.0000 
2013  4  5 20 45    0.0000 
2013  4  5 20 50    0.0000 
2013  4  5 20 55    0.0000 
2013  4  5 21  0    0.0000 
2013  4  5 21  5    0.0000 
2013  4  5 21 10    0.0000 
2013  4  5 21 15    0.0000 
2013  4  5 21 20    0.0000 
2013  4  5 21 25    0.0000 
2013  4  5 21 30    0.0000 
2013  4  5 21 35    0.0000 
2013  4  5 21 40    0.0000 
2013  4  5 21 45    0.0000 
2013  4  5 21 50    0.0000 
2013  4  5 21 55    0.0000 
2013  4  5 22  0    0.0000 
2013  4  5 22  5    0.0000 
2013  4  5 22 10    0.0000 
2013  4  5 22 15    0.0000 
2013  4  5 22 20    0.0000 
2013  4  5 22 25    0.0000 
2013  4  5 22 30    0.0000 
2013  4  5 22 35    0.0000 
2013  4  5 22 40    0.0000 
2013  4  5 22 45    0.0000 
2013  4  5 22 50    0.0000 
2013  4  5 22 55    0.0000 
2013  4  5 23  0    0.0000 
2013  4  5 23  5    0.0000 
2013  4  5 23 10    0.0000 
2013  4  5 23 15    0.0000 
2013  4  5 23 20    0.0000 
2013  4  5 23 25    0.0000 
2013  4  5 23 30    0.0000 
2013  4  5 23 35    0.0000 
2013  4  5 23 40    0.0000 
2013  4  5 23 45    0.0000 
2013  4  5 23 50    0.0000 
2013  4  5 23 55    0.0000 
2013  4  6  0  0    0.0000 
2013  4  6  0  5    0.0000 
2013  4  6  0 10    0.0000 
2013  4  6  0 15    0.0000 
2013  4  6  0 20    0.0000 
2013  4  6  0 25    0.0000 
2013  4  6  0 30    0.0000 
2013  4  6  0 35    0.0000 
2013  4  6  0 40    0.0000 
2013  4  6  0 45    0.0000 
2013  4  6  0 50    0.0000 
2013  4  6  0 55    0.0000 
2013  4  6  1  0    0.0000 
2013  4  6  1  5    0.0000 
2013  4  6  1 10    0.0000 
2013  4  6  1 15    0.0000 
2013  4  6  1 20    0.0000 
2013  4  6  1 25    0.0000 
2013  4  6  1 30    0.0000 
2013  4  6  1 35    0.0000 
2013  4  6  1 40    0.0000 
2013  4  6  1 45    0.0000 
2013  4  6  1 50    0.0000 
2013  4  6  1 55    0.0000 
2013  4  6  2  0    0.0000 
2013  4  6  2  5    0.0000 
2013  4  6  2 10    0.0000 
2013  4  6  2 15    0.0000 
2013  4  6  2 20    0.0000 
2013  4  6  2 25    0.0000 
2013  4  6  2 30    0.0000 
2013  4  6  2 35    0.0000 
2013  4  6  2 40    0.0000 
2013  4  6  2 45    0.0000 
2013  4  6  2 50    0.0000 
2013  4  6  2 55    0.0000 
2013  4  6  3  0    0.0000 
2013  4  6  3  5    0.0000 
2013  4  6  3 10    0.0000 
2013  4  6  3 15    0.0000 
2013  4  6  3 20    0.0000 
2013  4  6  3 25    0.0000 
2013  4  6  3 30    0.0000 
2013  4  6  3 35    0.0000 
2013  4  6  3 40    0.0000 
2013  4  6  3 45    0.0000 
2013  4  6  3 50    0.0000 
2013  4  6  3 55    0.0000 
2013  4  6  4  0    0.0000 
2013  4  6  4  5    0.0000 
2013  4  6  4 10    0.0000 
2013  4  6  4 15    0.0000 
2013  4  6  4 20    0.0000 
2013  4  6  4 25    0.0000 
2013  4  6  4 30    0.0000 
2013  4  6  4 35    0.0000 
2013  4  6  4 40    0.0000 
2013  4  6  4 45    0.0000 
2013  4  6  4 50    0.0000 
2013  4  6  4 55    0.0000 
2013  4  6  5  0    0.0000 
2013  4  6  5  5    0.0000 
2013  4  6  5 10    0.0000 
2013  4  6  5 15    0.0000 
2013  4  6  5 20    0.0000 
2013  4  6  5 25    0.0000 
2013  4  6  5 30    0.0000 
2013  4  6  5 35    0.0000 
2013  4  6  5 40    0.0000 
2013  4  6  5 45    0.0000 
2013  4  6  5 50    0.0000 
2013  4  6  5 55    0.0000 
2013  4  6  6  0    0.0000 
2013  4  6  6  5    0.0000 
2013  4  6  6 10    0.0000 
2013  4  6  6 15    0.0000 
2013  4  6  6 20    0.0000 
2013  4  6  6 25    0.0000 
2013  4  6  6 30    0.0000 
2013  4  6  6 35    0.0000 
2013  4  6  6 40    0.0000 
2013  4  6  6 45    0.0000 
2013  4  6  6 50    0.0000 
2013  4  6  6 55    0.0000 
2013  4  6  7  0    0.0000 
2013  4  6  7  5    0.0000 
2013  4  6  7 10    0.0000 
2013  4  6  7 15    0.0000 
2013  4  6  7 20    0.0000 
2013  4  6  7 25    0.0000 
2013  4  6  7 30    0.0000 
2013  4  6  7 35    0.0000 
2013  4  6  7 40    0.0000 
2013  4  6  7 45    0.0000 
2013  4  6  7 50    0.0000 
2013  4  6  7 55    0.0000 
2013  4  6  8  0    0.0000 
2013  4  6  8  5    0.0000 
2013  4  6  8 10    0.0000 
2013  4  6  8 15    0.0000 
2013  4  6  8 20    0.0000 
2013  4  6  8 25    0.0000 
2013  4  6  8 30    0.0000 
2013  4  6  8 35    0.0000 
2013  4  6  8 40    0.0000 
2013  4  6  8 45    0.0000 
2013  4  6  8 50    0.0000 
2013  4  6  8 55    0.0000 
2013  4  6  9  0    0.0000 
2013  4  6  9  5    0.0000 
2013  4  6  9 10    0.0000 
2013  4  6  9 15    0.0000 
2013  4  6  9 20    0.0000 
2013  4  6  9 25    0.0000 
2013  4  6  9 30    0.0000 
2013  4  6  9 35    0.0000 
2013  4  6  9 40    0.0000 
2013  4  6  9 45    0.0000 
2013  4  6  9 50    0.0000 
2013  4  6  9 55    0.0000 
2013  4  6 10  0    0.0000 
2013  4  6 10  5    0.0000 
2013  4  6 10 10    0.0000 
2013  4  6 10 15    0.0000 
2013  4  6 10 20    0.0000 
2013  4  6 10 25    0.0000 
2013  4  6 10 30    0.0000 
2013  4  6 10 35    0.0000 
2013  4  6 10 40    0.0000 
2013  4  6 10 45    0.0000 
2013  4  6 10 50    0.0000 
2013  4  6 10 55    0.0000 
2013  4  6 11  0    0.0000 
2013  4  6 11  5    0.0000 
2013  4  6 11 10    0.0000 
2013  4  6 11 15    0.0000 
2013  4  6 11 20    0.0000 
2013  4  6 11 25    0.0000 
2013  4  6 11 30    0.0000 
2013  4  6 11 35    0.0000 
2013  4  6 11 40    0.0000 
2013  4  6 11 45    0.0000 
2013  4  6 11 50    0.0000 
2013  4  6 11 55    0.0000 
2013  4  6 12  0    0.0000 
2013  4  6 12  5    0.0000 
2013  4  6 12 10    0.0000 
2013  4  6 12 15    0.0000 
2013  4  6 12 20    0.0000 
2013  4  6 12 25    0.0000 
2013  4  6 12 30    0.0000 
2013  4  6 12 35    0.0000 
2013  4  6 12 40    0.0000 
2013  4  6 12 45    0.0000 
2013  4  6 12 50    0.0000 
2013  4  6 12 55    0.0000 
2013  4  6 13  0    0.0000 
2013  4  6 13  5    0.0000 
2013  4  6 13 10    0.0000 
2013  4  6 13 15    0.0000 
2013  4  6 13 20    0.0000 
2013  4  6 13 25    0.0000 
2013  4  6 13 30    0.0000 
2013  4  6 13 35    0.0000 
2013  4  6 13 40    0.0000 
2013  4  6 13 45    0.0000 
2013  4  6 13 50    0.0000 
2013  4  6 13 55    0.0000 
2013  4  6 14  0    0.0000 
2013  4  6 14  5    0.0000 
2013  4  6 14 10    0.0000 
2013  4  6 14 15    0.0000 
2013  4  6 14 20    0.0000 
2013  4  6 14 25    0.0000 
2013  4  6 14 30    0.0000 
2013  4  6 14 35    0.0000 
2013  4  6 14 40    0.0000 
2013  4  6 14 45    0.0000 
2013  4  6 14 50    0.0000 
2013  4  6 14 55    0.0000 
2013  4  6 15  0    0.0000 
2013  4  6 15  5    0.0000 
2013  4  6 15 10    0.0000 
2013  4  6 15 15    0.0000 
2013  4  6 15 20    0.0000 
2013  4  6 15 25    0.0000 
2013  4  6 15 30    0.0000 
2013  4  6 15 35    0.0000 
2013  4  6 15 40    0.0000 
2013  4  6 15 45    0.0000 
2013  4  6 15 50    0.0000 
2013  4  6 15 55    0.0000 
2013  4  6 16  0    0.0000 
2013  4  6 16  5    0.0000 
2013  4  6 16 10    0.0000 
2013  4  6 16 15    0.0000 
2013  4  6 16 20    0.0000 
2013  4  6 16 25    0.0000 
2013  4  6 16 30    0.0000 
2013  4  6 16 35    0.0000 
2013  4  6 16 40    0.0000 
2013  4  6 16 45    0.0000 
2013  4  6 16 50    0.0000 
2013  4  6 16 55    0.0000 
2013  4  6 17  0    0.0000 
2013  4  6 17  5    0.0000 
2013  4  6 17 10    0.0000 
2013  4  6 17 15    0.0000 
2013  4  6 17 20    0.0000 
2013  4  6 17 25    0.0000 
2013  4  6 17 30    0.0000 
2013  4  6 17 35    0.0000 
2013  4  6 17 40    0.0000 
2013  4  6 17 45    0.0000 
2013  4  6 17 50    0.0000 
2013  4  6 17 55    0.0000 
2013  4  6 18  0    0.0000 
2013  4  6 18  5    0.0000 
2013  4  6 18 10    0.0000 
2013  4  6 18 15    0.0000 
2013  4  6 18 20    0.0000 
2013  4  6 18 25    0.0000 
2013  4  6 18 30    0.0000 
2013  4  6 18 35    0.0000 
2013  4  6 18 40    0.0000 
2013  4  6 18 45    0.0000 
2013  4  6 18 50    0.0000 
2013  4  6 18 55    0.0000 
2013  4  6 19  0    0.0000 
2013  4  6 19  5    0.0000 
2013  4  6 19 10    0.0000 
2013  4  6 19 15    0.0000 
2013  4  6 19 20    0.0000 
2013  4  6 19 25    0.0000 
2013  4  6 19 30    0.0000 
2013  4  6 19 35    0.0000 
2013  4  6 19 40    0.0000 
2013  4  6 19 45    0.0000 
2013  4  6 19 50    0.0000 
2013  4  6 19 55    0.0000 
2013  4  6 20  0    0.0000 
2013  4  6 20  5    0.0000 
2013  4  6 20 10    0.0000 
2013  4  6 20 15    0.0000 
2013  4  6 20 20    0.0000 
2013  4  6 20 25    0.0000 
2013  4  6 20 30    0.0000 
2013  4  6 20 35    0.0000 
2013  4  6 20 40    0.0000 
2013  4  6 20 45    0.0000 
2013  4  6 20 50    0.0000 
2013  4  6 20 55    0.0000 
2013  4  6 21  0    0.0000 
2013  4  6 21  5    0.0000 
2013  4  6 21 10    0.0000 
2013  4  6 21 15    0.0000 
2013  4  6 21 20    0.0000 
2013  4  6 21 25    0.0000 
2013  4  6 21 30    0.0000 
2013  4  6 21 35    0.0000 
2013  4  6 21 40    0.0000 
2013  4  6 21 45    0.0000 
2013  4  6 21 50    0.0000 
2013  4  6 21 55    0.0000 
2013  4  6 22  0    0.0000 
2013  4  6 22  5    0.0000 
2013  4  6 22 10    0.0000 
2013  4  6 22 15    0.0000 
2013  4  6 22 20    0.0000 
2013  4  6 22 25    0.0000 
2013  4  6 22 30    0.0000 
2013  4  6 22 35    0.0000 
2013  4  6 22 40    0.0000 
2013  4  6 22 45    0.0000 
2013  4  6 22 50    0.0000 
2013  4  6 22 55    0.0000 
2013  4  6 23  0    0.0000 
2013  4  6 23  5    0.0000 
2013  4  6 23 10    0.0000 
2013  4  6 23 15    0.0000 
2013  4  6 23 20    0.0000 
2013  4  6 23 25    0.0000 
2013  4  6 23 30    0.0000 
2013  4  6 23 35    0.0000 
2013  4  6 23 40    0.0000 
2013  4  6 23 45    0.0000 
2013  4  6 23 50    0.0000 
2013  4  6 23 55    0.0000 
2013  4  7  0  0    0.0000 
2013  4  7  0  5    0.0000 
2013  4  7  0 10    0.0000 
2013  4  7  0 15    0.0000 
2013  4  7  0 20    0.0000 
2013  4  7  0 25    0.0000 
2013  4  7  0 30    0.0000 
2013  4  7  0 35    0.0000 
2013  4  7  0 40    0.0000 
2013  4  7  0 45    0.0000 
2013  4  7  0 50    0.0000 
2013  4  7  0 55    0.0000 
2013  4  7  1  0    0.0000 
2013  4  7  1  5    0.0000 
2013  4  7  1 10    0.0000 
2013  4  7  1 15    0.0000 
2013  4  7  1 20    0.0000 
2013  4  7  1 25    0.0000 
2013  4  7  1 30    0.0000 
2013  4  7  1 35    0.0000 
2013  4  7  1 40    0.0000 
2013  4  7  1 45    0.0000 
2013  4  7  1 50    0.0000 
2013  4  7  1 55    0.0000 
2013  4  7  2  0    0.0000 
2013  4  7  2  5    0.0000 
2013  4  7  2 10    0.0000 
2013  4  7  2 15    0.0000 
2013  4  7  2 20    0.0000 
2013  4  7  2 25    0.0000 
2013  4  7  2 30    0.0000 
2013  4  7  2 35    0.0000 
2013  4  7  2 40    0.0000 
2013  4  7  2 45    0.0000 
2013  4  7  2 50    0.0000 
2013  4  7  2 55    0.0000 
2013  4  7  3  0    0.0000 
2013  4  7  3  5    0.0000 
2013  4  7  3 10    0.0000 
2013  4  7  3 15    0.0000 
2013  4  7  3 20    0.0000 
2013  4  7  3 25    0.0000 
2013  4  7  3 30    0.0000 
2013  4  7  3 35    0.0000 
2013  4  7  3 40    0.0000 
2013  4  7  3 45    0.0000 
2013  4  7  3 50    0.0000 
2013  4  7  3 55    0.0000 
2013  4  7  4  0    0.0000 
2013  4  7  4  5    0.0000 
2013  4  7  4 10    0.0000 
2013  4  7  4 15    0.0000 
2013  4  7  4 20    0.0000 
2013  4  7  4 25    0.0000 
2013  4  7  4 30    0.0000 
2013  4  7  4 35    0.0000 
2013  4  7  4 40    0.0000 
2013  4  7  4 45    0.0000 
2013  4  7  4 50    0.0000 
2013  4  7  4 55    0.0000 
2013  4  7  5  0    0.0000 
2013  4  7  5  5    0.0000 
2013  4  7  5 10    0.0000 
2013  4  7  5 15    0.0000 
2013  4  7  5 20    0.0000 
2013  4  7  5 25    0.0000 
2013  4  7  5 30    0.0000 
2013  4  7  5 35    0.0000 
2013  4  7  5 40    0.0000 
2013  4  7  5 45    0.0000 
2013  4  7  5 50    0.0000 
2013  4  7  5 55    0.0000 
2013  4  7  6  0    0.0000 
2013  4  7  6  5    0.0000 
2013  4  7  6 10    0.0000 
2013  4  7  6 15    0.0000 
2013  4  7  6 20    0.0000 
2013  4  7  6 25    0.0000 
2013  4  7  6 30    0.0000 
2013  4  7  6 35    0.0000 
2013  4  7  6 40    0.0000 
2013  4  7  6 45    0.0000 
2013  4  7  6 50    0.0000 
2013  4  7  6 55    0.0000 
2013  4  7  7  0    0.0000 
2013  4  7  7  5    0.0000 
2013  4  7  7 10    0.0000 
2013  4  7  7 15    0.0000 
2013  4  7  7 20    0.0000 
2013  4  7  7 25    0.0000 
2013  4  7  7 30    0.0000 
2013  4  7  7 35    0.0000 
2013  4  7  7 40    0.0000 
2013  4  7  7 45    0.0000 
2013  4  7  7 50    0.0000 
2013  4  7  7 55    0.0000 
2013  4  7  8  0    0.0000 
2013  4  7  8  5    0.0000 
2013  4  7  8 10    0.0000 
2013  4  7  8 15    0.0000 
2013  4  7  8 20    0.0000 
2013  4  7  8 25    0.0000 
2013  4  7  8 30    0.0000 
2013  4  7  8 35    0.0000 
2013  4  7  8 40    0.0000 
2013  4  7  8 45    0.0000 
2013  4  7  8 50    0.0000 
2013  4  7  8 55    0.0000 
2013  4  7  9  0    0.0000 
2013  4  7  9  5    0.0000 
2013  4  7  9 10    0.0000 
2013  4  7  9 15    0.0000 
2013  4  7  9 20    0.0000 
2013  4  7  9 25    0.0000 
2013  4  7  9 30    0.0000 
2013  4  7  9 35    0.0000 
2013  4  7  9 40    0.0000 
2013  4  7  9 45    0.0000 
2013  4  7  9 50    0.0000 
2013  4  7  9 55    0.0000 
2013  4  7 10  0    0.0000 
2013  4  7 10  5    0.0000 
2013  4  7 10 10    0.0000 
2013  4  7 10 15    0.0000 
2013  4  7 10 20    0.0000 
2013  4  7 10 25    0.0000 
2013  4  7 10 30    0.0000 
2013  4  7 10 35    0.0000 
2013  4  7 10 40    0.0000 
2013  4  7 10 45    0.0000 
2013  4  7 10 50    0.0000 
2013  4  7 10 55    0.0000 
2013  4  7 11  0    0.0000 
2013  4  7 11  5    0.0000 
2013  4  7 11 10    0.0000 
2013  4  7 11 15    0.0000 
2013  4  7 11 20    0.0000 
2013  4  7 11 25    0.0000 
2013  4  7 11 30    0.0000 
2013  4  7 11 35    0.0000 
2013  4  7 11 40    0.0000 
2013  4  7 11 45    0.0000 
2013  4  7 11 50    0.0000 
2013  4  7 11 55    0.0000 
2013  4  7 12  0    0.0000 
2013  4  7 12  5    0.0000 
2013  4  7 12 10    0.0000 
2013  4  7 12 15    0.0000 
2013  4  7 12 20    0.0000 
2013  4  7 12 25    0.0000 
2013  4  7 12 30    0.0000 
2013  4  7 12 35    0.0000 
2013  4  7 12 40    0.0000 
2013  4  7 12 45    0.0000 
2013  4  7 12 50    0.0000 
2013  4  7 12 55    0.0000 
2013  4  7 13  0    0.0000 
2013  4  7 13  5    0.0000 
2013  4  7 13 10    0.0000 
2013  4  7 13 15    0.0000 
2013  4  7 13 20    0.0000 
2013  4  7 13 25    0.0000 
2013  4  7 13 30    0.0000 
2013  4  7 13 35    0.0000 
2013  4  7 13 40    0.0000 
2013  4  7 13 45    0.0000 
2013  4  7 13 50    0.0000 
2013  4  7 13 55    0.0000 
2013  4  7 14  0    0.0000 
2013  4  7 14  5    0.0000 
2013  4  7 14 10    0.0000 
2013  4  7 14 15    0.0000 
2013  4  7 14 20    0.0000 
2013  4  7 14 25    0.0000 
2013  4  7 14 30    0.0000 
2013  4  7 14 35    0.0000 
2013  4  7 14 40    0.0000 
2013  4  7 14 45    0.0000 
2013  4  7 14 50    0.0000 
2013  4  7 14 55    0.0000 
2013  4  7 15  0    0.0000 
2013  4  7 15  5    0.0000 
2013  4  7 15 10    0.0000 
2013  4  7 15 15    0.0000 
2013  4  7 15 20    0.0000 
2013  4  7 15 25    0.0000 
2013  4  7 15 30    0.0000 
2013  4  7 15 35    0.0000 
2013  4  7 15 40    0.0000 
2013  4  7 15 45    0.0000 
2013  4  7 15 50    0.0000 
2013  4  7 15 55    0.0000 
2013  4  7 16  0    0.0000 
2013  4  7 16  5    0.0000 
2013  4  7 16 10    0.0000 
2013  4  7 16 15    0.0000 
2013  4  7 16 20    0.0000 
2013  4  7 16 25    0.0000 
2013  4  7 16 30    0.0000 
2013  4  7 16 35    0.0000 
2013  4  7 16 40    0.0000 
2013  4  7 16 45    0.0000 
2013  4  7 16 50    0.0000 
2013  4  7 16 55    0.0000 
2013  4  7 17  0    0.0000 
2013  4  7 17  5    0.0000 
2013  4  7 17 10    0.0000 
2013  4  7 17 15    0.0000 
2013  4  7 17 20    0.0000 
2013  4  7 17 25    0.0000 
2013  4  7 17 30    0.0000 
2013  4  7 17 35    0.0000 
2013  4  7 17 40    0.0000 
2013  4  7 17 45    0.0000 
2013  4  7 17 50    0.0000 
2013  4  7 17 55    0.0000 
2013  4  7 18  0    0.0000 
2013  4  7 18  5    0.0000 
2013  4  7 18 10    0.0000 
2013  4  7 18 15    0.0000 
2013  4  7 18 20    0.0000 
2013  4  7 18 25    0.0000 
2013  4  7 18 30    0.0000 
2013  4  7 18 35    0.0000 
2013  4  7 18 40    0.0000 
2013  4  7 18 45    0.0000 
2013  4  7 18 50    0.0000 
2013  4  7 18 55    0.0000 
2013  4  7 19  0    0.0000 
2013  4  7 19  5    0.0000 
2013  4  7 19 10    0.0000 
2013  4  7 19 15    0.0000 
2013  4  7 19 20    0.0000 
2013  4  7 19 25    0.0000 
2013  4  7 19 30    0.0000 
2013  4  7 19 35    0.0000 
2013  4  7 19 40    0.0000 
2013  4  7 19 45    0.0000 
2013  4  7 19 50    0.0000 
2013  4  7 19 55    0.0000 
2013  4  7 20  0    0.0000 
2013  4  7 20  5    0.0000 
2013  4  7 20 10    0.0000 
2013  4  7 20 15    0.0000 
2013  4  7 20 20    0.0000 
2013  4  7 20 25    0.0000 
2013  4  7 20 30    0.0000 
2013  4  7 20 35    0.0000 
2013  4  7 20 40    0.0000 
2013  4  7 20 45    0.0000 
2013  4  7 20 50    0.0000 
2013  4  7 20 55    0.0000 
2013  4  7 21  0    0.0000 
2013  4  7 21  5    0.0000 
2013  4  7 21 10    0.0000 
2013  4  7 21 15    0.0000 
2013  4  7 21 20    0.0000 
2013  4  7 21 25    0.0000 
2013  4  7 21 30    0.0000 
2013  4  7 21 35    0.0000 
2013  4  7 21 40    0.0000 
2013  4  7 21 45    0.0000 
2013  4  7 21 50    0.0000 
2013  4  7 21 55    0.0000 
2013  4  7 22  0    0.0000 
2013  4  7 22  5    0.0000 
2013  4  7 22 10    0.0000 
2013  4  7 22 15    0.0000 
2013  4  7 22 20    0.0000 
2013  4  7 22 25    0.0000 
2013  4  7 22 30    0.0000 
2013  4  7 22 35    0.0000 
2013  4  7 22 40    0.0000 
2013  4  7 22 45    0.0000 
2013  4  7 22 50    0.0000 
2013  4  7 22 55    0.0000 
2013  4  7 23  0    0.0000 
2013  4  7 23  5    0.0000 
2013  4  7 23 10    0.0000 
2013  4  7 23 15    0.0000 
2013  4  7 23 20    0.0000 
2013  4  7 23 25    0.0000 
2013  4  7 23 30    0.0000 
2013  4  7 23 35    0.0000 
2013  4  7 23 40    0.0000 
2013  4  7 23 45    0.0000 
2013  4  7 23 50    0.0000 
2013  4  7 23 55    0.0000 
2013  4  8  0  0    0.0000 
2013  4  8  0  5    0.0000 
2013  4  8  0 10    0.0000 
2013  4  8  0 15    0.0000 
2013  4  8  0 20    0.0000 
2013  4  8  0 25    0.0000 
2013  4  8  0 30    0.0000 
2013  4  8  0 35    0.0000 
2013  4  8  0 40    0.0000 
2013  4  8  0 45    0.0000 
2013  4  8  0 50    0.0000 
2013  4  8  0 55    0.0000 
2013  4  8  1  0    0.0000 
2013  4  8  1  5    0.0000 
2013  4  8  1 10    0.0000 
2013  4  8  1 15    0.0000 
2013  4  8  1 20    0.0000 
2013  4  8  1 25    0.0000 
2013  4  8  1 30    0.0000 
2013  4  8  1 35    0.0000 
2013  4  8  1 40    0.0000 
2013  4  8  1 45    0.0000 
2013  4  8  1 50    0.0000 
2013  4  8  1 55    0.0000 
2013  4  8  2  0    0.0000 
2013  4  8  2  5    0.0000 
2013  4  8  2 10    0.0000 
2013  4  8  2 15    0.0000 
2013  4  8  2 20    0.0000 
2013  4  8  2 25    0.0000 
2013  4  8  2 30    0.0000 
2013  4  8  2 35    0.0000 
2013  4  8  2 40    0.0000 
2013  4  8  2 45    0.0000 
2013  4  8  2 50    0.0000 
2013  4  8  2 55    0.0000 
2013  4  8  3  0    0.0000 
2013  4  8  3  5    0.0000 
2013  4  8  3 10    0.0000 
2013  4  8  3 15    0.0000 
2013  4  8  3 20    0.0000 
2013  4  8  3 25    0.0000 
2013  4  8  3 30    0.0000 
2013  4  8  3 35    0.0000 
2013  4  8  3 40    0.0000 
2013  4  8  3 45    0.0000 
2013  4  8  3 50    0.0000 
2013  4  8  3 55    0.0000 
2013  4  8  4  0    0.0000 
2013  4  8  4  5    0.0000 
2013  4  8  4 10    0.0000 
2013  4  8  4 15    0.0000 
2013  4  8  4 20    0.0000 
2013  4  8  4 25    0.0000 
2013  4  8  4 30    0.0000 
2013  4  8  4 35    0.0000 
2013  4  8  4 40    0.0000 
2013  4  8  4 45    0.0000 
2013  4  8  4 50    0.0000 
2013  4  8  4 55    0.0000 
2013  4  8  5  0    0.0000 
2013  4  8  5  5    0.0000 
2013  4  8  5 10    0.0000 
2013  4  8  5 15    0.0000 
2013  4  8  5 20    0.0000 
2013  4  8  5 25    0.0000 
2013  4  8  5 30    0.0000 
2013  4  8  5 35    0.0000 
2013  4  8  5 40    0.0000 
2013  4  8  5 45    0.0000 
2013  4  8  5 50    0.0000 
2013  4  8  5 55    0.0000 
2013  4  8  6  0    0.0000 
2013  4  8  6  5    0.0000 
2013  4  8  6 10    0.0000 
2013  4  8  6 15    0.0000 
2013  4  8  6 20    0.0000 
2013  4  8  6 25    0.0000 
2013  4  8  6 30    0.0000 
2013  4  8  6 35    0.0000 
2013  4  8  6 40    0.0000 
2013  4  8  6 45    0.0000 
2013  4  8  6 50    0.0000 
2013  4  8  6 55    0.0000 
2013  4  8  7  0    0.0000 
2013  4  8  7  5    0.0000 
2013  4  8  7 10    0.0000 
2013  4  8  7 15    0.0000 
2013  4  8  7 20    0.0000 
2013  4  8  7 25    0.0000 
2013  4  8  7 30    0.0000 
2013  4  8  7 35    0.0000 
2013  4  8  7 40    0.0000 
2013  4  8  7 45    0.0000 
2013  4  8  7 50    0.0000 
2013  4  8  7 55    0.0000 
2013  4  8  8  0    0.0000 
2013  4  8  8  5    0.0000 
2013  4  8  8 10    0.0000 
2013  4  8  8 15    0.0000 
2013  4  8  8 20    0.0000 
2013  4  8  8 25    0.0000 
2013  4  8  8 30    0.0000 
2013  4  8  8 35    0.0000 
2013  4  8  8 40    0.0000 
2013  4  8  8 45    0.0000 
2013  4  8  8 50    0.0000 
2013  4  8  8 55    0.0000 
2013  4  8  9  0    0.0000 
2013  4  8  9  5    0.0000 
2013  4  8  9 10    0.0000 
2013  4  8  9 15    0.0000 
2013  4  8  9 20    0.0000 
2013  4  8  9 25    0.0000 
2013  4  8  9 30    0.0000 
2013  4  8  9 35    0.0000 
2013  4  8  9 40    0.0000 
2013  4  8  9 45    0.0000 
2013  4  8  9 50    0.0000 
2013  4  8  9 55    0.0000 
2013  4  8 10  0    0.0000 
2013  4  8 10  5    0.0000 
2013  4  8 10 10    0.0000 
2013  4  8 10 15    0.0000 
2013  4  8 10 20    0.0000 
2013  4  8 10 25    0.0000 
2013  4  8 10 30    0.0000 
2013  4  8 10 35    0.0000 
2013  4  8 10 40    0.0000 
2013  4  8 10 45    0.0000 
2013  4  8 10 50    0.0000 
2013  4  8 10 55    0.0000 
2013  4  8 11  0    0.0000 
2013  4  8 11  5    0.0000 
2013  4  8 11 10    0.0000 
2013  4  8 11 15    0.0000 
2013  4  8 11 20    0.0000 
2013  4  8 11 25    0.0000 
2013  4  8 11 30    0.0000 
2013  4  8 11 35    0.0000 
2013  4  8 11 40    0.0000 
2013  4  8 11 45    0.0000 
2013  4  8 11 50    0.0000 
2013  4  8 11 55    0.0000 
2013  4  8 12  0    0.0000 
2013  4  8 12  5    0.0000 
2013  4  8 12 10    0.0000 
2013  4  8 12 15    0.0000 
2013  4  8 12 20    0.0000 
2013  4  8 12 25    0.0000 
2013  4  8 12 30    0.0000 
2013  4  8 12 35    0.0000 
2013  4  8 12 40    0.0000 
2013  4  8 12 45    0.0000 
2013  4  8 12 50    0.0000 
2013  4  8 12 55    0.0000 
2013  4  8 13  0    0.0000 
2013  4  8 13  5    0.0000 
2013  4  8 13 10    0.0000 
2013  4  8 13 15    0.0000 
2013  4  8 13 20    0.0000 
2013  4  8 13 25    0.0000 
2013  4  8 13 30    0.0000 
2013  4  8 13 35    0.0000 
2013  4  8 13 40    0.0000 
2013  4  8 13 45    0.0000 
2013  4  8 13 50    0.0000 
2013  4  8 13 55    0.0000 
2013  4  8 14  0    0.0000 
2013  4  8 14  5    0.0000 
2013  4  8 14 10    0.0000 
2013  4  8 14 15    0.0000 
2013  4  8 14 20    0.0000 
2013  4  8 14 25    0.0000 
2013  4  8 14 30    0.0000 
2013  4  8 14 35    0.0000 
2013  4  8 14 40    0.0000 
2013  4  8 14 45    0.0000 
2013  4  8 14 50    0.0000 
2013  4  8 14 55    0.0000 
2013  4  8 15  0    0.0000 
2013  4  8 15  5    0.0000 
2013  4  8 15 10    0.0000 
2013  4  8 15 15    0.0000 
2013  4  8 15 20    0.0000 
2013  4  8 15 25    0.0000 
2013  4  8 15 30    0.0000 
2013  4  8 15 35    0.0000 
2013  4  8 15 40    0.0000 
2013  4  8 15 45    0.0000 
2013  4  8 15 50    0.0000 
2013  4  8 15 55    0.0000 
2013  4  8 16  0    0.0000 
2013  4  8 16  5    0.0000 
2013  4  8 16 10    0.0000 
2013  4  8 16 15    0.0000 
2013  4  8 16 20    0.0000 
2013  4  8 16 25    0.0000 
2013  4  8 16 30    0.0000 
2013  4  8 16 35    0.0000 
2013  4  8 16 40    0.0000 
2013  4  8 16 45    0.0000 
2013  4  8 16 50    0.0000 
2013  4  8 16 55    0.0000 
2013  4  8 17  0    0.0000 
2013  4  8 17  5    0.0000 
2013  4  8 17 10    0.0000 
2013  4  8 17 15    0.0000 
2013  4  8 17 20    0.0000 
2013  4  8 17 25    0.0000 
2013  4  8 17 30    0.0000 
2013  4  8 17 35    0.0000 
2013  4  8 17 40    0.0000 
2013  4  8 17 45    0.0000 
2013  4  8 17 50    0.0000 
2013  4  8 17 55    0.0000 
2013  4  8 18  0    0.0000 
2013  4  8 18  5    0.0000 
2013  4  8 18 10    0.0000 
2013  4  8 18 15    0.0000 
2013  4  8 18 20    0.0000 
2013  4  8 18 25    0.0000 
2013  4  8 18 30    0.0000 
2013  4  8 18 35    0.0000 
2013  4  8 18 40    0.0000 
2013  4  8 18 45    0.0000 
2013  4  8 18 50    0.0000 
2013  4  8 18 55    0.0000 
2013  4  8 19  0    0.0000 
2013  4  8 19  5    0.0000 
2013  4  8 19 10    0.0000 
2013  4  8 19 15    0.0000 
2013  4  8 19 20    0.0000 
2013  4  8 19 25    0.0000 
2013  4  8 19 30    0.0000 
2013  4  8 19 35    0.0000 
2013  4  8 19 40    0.0000 
2013  4  8 19 45    0.0000 
2013  4  8 19 50    0.0000 
2013  4  8 19 55    0.0000 
2013  4  8 20  0    0.0000 
2013  4  8 20  5    0.0000 
2013  4  8 20 10    0.0000 
2013  4  8 20 15    0.0000 
2013  4  8 20 20    0.0000 
2013  4  8 20 25    0.0000 
2013  4  8 20 30    0.0000 
2013  4  8 20 35    0.0000 
2013  4  8 20 40    0.0000 
2013  4  8 20 45    0.0000 
2013  4  8 20 50    0.0000 
2013  4  8 20 55    0.0000 
2013  4  8 21  0    0.0000 
2013  4  8 21  5    0.0000 
2013  4  8 21 10    0.0000 
2013  4  8 21 15    0.0000 
2013  4  8 21 20    0.0000 
2013  4  8 21 25    0.0000 
2013  4  8 21 30    0.0000 
2013  4  8 21 35    0.0000 
2013  4  8 21 40    0.0000 
2013  4  8 21 45    0.0000 
2013  4  8 21 50    0.0000 
2013  4  8 21 55    0.0000 
2013  4  8 22  0    0.0000 
2013  4  8 22  5    0.0000 
2013  4  8 22 10    0.0000 
2013  4  8 22 15    0.0000 
2013  4  8 22 20    0.0000 
2013  4  8 22 25    0.0000 
2013  4  8 22 30    0.0000 
2013  4  8 22 35    0.0000 
2013  4  8 22 40    0.0000 
2013  4  8 22 45    0.0000 
2013  4  8 22 50    0.0000 
2013  4  8 22 55    0.0000 
2013  4  8 23  0    0.0000 
2013  4  8 23  5    0.0000 
2013  4  8 23 10    0.0000 
2013  4  8 23 15    0.0000 
2013  4  8 23 20    0.0000 
2013  4  8 23 25    0.0000 
2013  4  8 23 30    0.0000 
2013  4  8 23 35    0.0000 
2013  4  8 23 40    0.0000 
2013  4  8 23 45    0.0000 
2013  4  8 23 50    0.0000 
2013  4  8 23 55    0.0000 
2013  4  9  0  0    0.0000 
2013  4  9  0  5    0.0000 
2013  4  9  0 10    0.0000 
2013  4  9  0 15    0.0000 
2013  4  9  0 20    0.0000 
2013  4  9  0 25    0.0000 
2013  4  9  0 30    0.0000 
2013  4  9  0 35    0.0000 
2013  4  9  0 40    0.0000 
2013  4  9  0 45    0.0000 
2013  4  9  0 50    0.0000 
2013  4  9  0 55    0.0000 
2013  4  9  1  0    0.0000 
2013  4  9  1  5    0.0000 
2013  4  9  1 10    0.0000 
2013  4  9  1 15    0.0000 
2013  4  9  1 20    0.0000 
2013  4  9  1 25    0.0000 
2013  4  9  1 30    0.0000 
2013  4  9  1 35    0.0000 
2013  4  9  1 40    0.0000 
2013  4  9  1 45    0.0000 
2013  4  9  1 50    0.0000 
2013  4  9  1 55    0.0000 
2013  4  9  2  0    0.0000 
2013  4  9  2  5    0.0000 
2013  4  9  2 10    0.0000 
2013  4  9  2 15    0.0000 
2013  4  9  2 20    0.0000 
2013  4  9  2 25    0.0000 
2013  4  9  2 30    0.0000 
2013  4  9  2 35    0.0000 
2013  4  9  2 40    0.0000 
2013  4  9  2 45    0.0000 
2013  4  9  2 50    0.0000 
2013  4  9  2 55    0.0000 
2013  4  9  3  0    0.0000 
2013  4  9  3  5    0.0000 
2013  4  9  3 10    0.0000 
2013  4  9  3 15    0.0000 
2013  4  9  3 20    0.0000 
2013  4  9  3 25    0.0000 
2013  4  9  3 30    0.0000 
2013  4  9  3 35    0.0000 
2013  4  9  3 40    0.0000 
2013  4  9  3 45    0.0000 
2013  4  9  3 50    0.0000 
2013  4  9  3 55    0.0000 
2013  4  9  4  0    0.0000 
2013  4  9  4  5    0.0000 
2013  4  9  4 10    0.0000 
2013  4  9  4 15    0.0000 
2013  4  9  4 20    0.0000 
2013  4  9  4 25    0.0000 
2013  4  9  4 30    0.0000 
2013  4  9  4 35    0.0000 
2013  4  9  4 40    0.0000 
2013  4  9  4 45    0.0000 
2013  4  9  4 50    0.0000 
2013  4  9  4 55    0.0000 
2013  4  9  5  0    0.0000 
2013  4  9  5  5    0.0000 
2013  4  9  5 10    0.0000 
2013  4  9  5 15    0.0000 
2013  4  9  5 20    0.0000 
2013  4  9  5 25    0.0000 
2013  4  9  5 30    0.0000 
2013  4  9  5 35    0.0000 
2013  4  9  5 40    0.0000 
2013  4  9  5 45    0.0000 
2013  4  9  5 50    0.0000 
2013  4  9  5 55    0.0000 
2013  4  9  6  0    0.0000 
2013  4  9  6  5    0.0000 
2013  4  9  6 10    0.0000 
2013  4  9  6 15    0.0000 
2013  4  9  6 20    0.0000 
2013  4  9  6 25    0.0000 
2013  4  9  6 30    0.0000 
2013  4  9  6 35    0.0000 
2013  4  9  6 40    0.0000 
2013  4  9  6 45    0.0000 
2013  4  9  6 50    0.0000 
2013  4  9  6 55    0.0000 
2013  4  9  7  0    0.0000 
2013  4  9  7  5    0.0000 
2013  4  9  7 10    0.0000 
2013  4  9  7 15    0.0000 
2013  4  9  7 20    0.0000 
2013  4  9  7 25    0.0000 
2013  4  9  7 30    0.0000 
2013  4  9  7 35    0.0000 
2013  4  9  7 40    0.0000 
2013  4  9  7 45    0.0000 
2013  4  9  7 50    0.0000 
2013  4  9  7 55    0.0000 
2013  4  9  8  0    0.0000 
2013  4  9  8  5    0.0000 
2013  4  9  8 10    0.0000 
2013  4  9  8 15    0.0000 
2013  4  9  8 20    0.0000 
2013  4  9  8 25    0.0000 
2013  4  9  8 30    0.0000 
2013  4  9  8 35    0.0000 
2013  4  9  8 40    0.0000 
2013  4  9  8 45    0.0000 
2013  4  9  8 50    0.0000 
2013  4  9  8 55    0.0000 
2013  4  9  9  0    0.0000 
2013  4  9  9  5    0.0000 
2013  4  9  9 10    0.0000 
2013  4  9  9 15    0.0000 
2013  4  9  9 20    0.0000 
2013  4  9  9 25    0.0000 
2013  4  9  9 30    0.0000 
2013  4  9  9 35    0.0000 
2013  4  9  9 40    0.0000 
2013  4  9  9 45    0.0000 
2013  4  9  9 50    0.0000 
2013  4  9  9 55    0.0000 
2013  4  9 10  0    0.0000 
2013  4  9 10  5    0.0000 
2013  4  9 10 10    0.0000 
2013  4  9 10 15    0.0000 
2013  4  9 10 20    0.0000 
2013  4  9 10 25    0.0000 
2013  4  9 10 30    0.0000 
2013  4  9 10 35    0.0000 
2013  4  9 10 40    0.0000 
2013  4  9 10 45    0.0000 
2013  4  9 10 50    0.0000 
2013  4  9 10 55    0.0000 
2013  4  9 11  0    0.0000 
2013  4  9 11  5    0.0000 
2013  4  9 11 10    0.0000 
2013  4  9 11 15    0.0000 
2013  4  9 11 20    0.0000 
2013  4  9 11 25    0.0000 
2013  4  9 11 30    0.0000 
2013  4  9 11 35    0.0000 
2013  4  9 11 40    0.0000 
2013  4  9 11 45    0.0000 
2013  4  9 11 50    0.0000 
2013  4  9 11 55    0.0000 
2013  4  9 12  0    0.0000 
2013  4  9 12  5    0.0000 
2013  4  9 12 10    0.0000 
2013  4  9 12 15    0.0000 
2013  4  9 12 20    0.0000 
2013  4  9 12 25    0.0000 
2013  4  9 12 30    0.0000 
2013  4  9 12 35    0.0000 
2013  4  9 12 40    0.0000 
2013  4  9 12 45    0.0000 
2013  4  9 12 50    0.0000 
2013  4  9 12 55    0.0000 
2013  4  9 13  0    0.0000 
2013  4  9 13  5    0.0000 
2013  4  9 13 10    0.0000 
2013  4  9 13 15    0.0000 
2013  4  9 13 20    0.0000 
2013  4  9 13 25    0.0000 
2013  4  9 13 30    0.0000 
2013  4  9 13 35    0.0000 
2013  4  9 13 40    0.0000 
2013  4  9 13 45    0.0000 
2013  4  9 13 50    0.0000 
2013  4  9 13 55    0.0000 
2013  4  9 14  0    0.0000 
2013  4  9 14  5    0.0000 
2013  4  9 14 10    0.0000 
2013  4  9 14 15    0.0000 
2013  4  9 14 20    0.0000 
2013  4  9 14 25    0.0000 
2013  4  9 14 30    0.0000 
2013  4  9 14 35    0.0000 
2013  4  9 14 40    0.0000 
2013  4  9 14 45    0.0000 
2013  4  9 14 50    0.0000 
2013  4  9 14 55    0.0000 
2013  4  9 15  0    0.0000 
2013  4  9 15  5    0.0000 
2013  4  9 15 10    0.0000 
2013  4  9 15 15    0.0000 
2013  4  9 15 20    0.0000 
2013  4  9 15 25    0.0000 
2013  4  9 15 30    0.0000 
2013  4  9 15 35    0.0000 
2013  4  9 15 40    0.0000 
2013  4  9 15 45    0.0000 
2013  4  9 15 50    0.0000 
2013  4  9 15 55    0.0000 
2013  4  9 16  0    0.0000 
2013  4  9 16  5    0.0000 
2013  4  9 16 10    0.0000 
2013  4  9 16 15    0.0000 
2013  4  9 16 20    0.0000 
2013  4  9 16 25    0.0000 
2013  4  9 16 30    0.0000 
2013  4  9 16 35    0.0000 
2013  4  9 16 40    0.0000 
2013  4  9 16 45    0.0000 
2013  4  9 16 50    0.0000 
2013  4  9 16 55    0.0000 
2013  4  9 17  0    0.0000 
2013  4  9 17  5    0.0000 
2013  4  9 17 10    0.0000 
2013  4  9 17 15    0.0000 
2013  4  9 17 20    0.0000 
2013  4  9 17 25    0.0000 
2013  4  9 17 30    0.0000 
2013  4  9 17 35    0.0000 
2013  4  9 17 40    0.0000 
2013  4  9 17 45    0.0000 
2013  4  9 17 50    0.0000 
2013  4  9 17 55    0.0000 
2013  4  9 18  0    0.0000 
2013  4  9 18  5    0.0000 
2013  4  9 18 10    0.0000 
2013  4  9 18 15    0.0000 
2013  4  9 18 20    0.0000 
2013  4  9 18 25    0.0000 
2013  4  9 18 30    0.0000 
2013  4  9 18 35    0.0000 
2013  4  9 18 40    0.0000 
2013  4  9 18 45    0.0000 
2013  4  9 18 50    0.0000 
2013  4  9 18 55    0.0000 
2013  4  9 19  0    0.0000 
2013  4  9 19  5    0.0000 
2013  4  9 19 10    0.0000 
2013  4  9 19 15    0.0000 
2013  4  9 19 20    0.0000 
2013  4  9 19 25    0.0000 
2013  4  9 19 30    0.0000 
2013  4  9 19 35    0.0000 
2013  4  9 19 40    0.0000 
2013  4  9 19 45    0.0000 
2013  4  9 19 50    0.0000 
2013  4  9 19 55    0.0000 
2013  4  9 20  0    0.0000 
2013  4  9 20  5    0.0000 
2013  4  9 20 10    0.0000 
2013  4  9 20 15    0.0000 
2013  4  9 20 20    0.0000 
2013  4  9 20 25    0.0000 
2013  4  9 20 30    0.0000 
2013  4  9 20 35    0.0000 
2013  4  9 20 40    0.0000 
2013  4  9 20 45    0.0000 
2013  4  9 20 50    0.0000 
2013  4  9 20 55    0.0000 
2013  4  9 21  0    0.0000 
2013  4  9 21  5    0.0000 
2013  4  9 21 10    0.0000 
2013  4  9 21 15    0.0000 
2013  4  9 21 20    0.0000 
2013  4  9 21 25    0.0000 
2013  4  9 21 30    0.0000 
2013  4  9 21 35    0.0000 
2013  4  9 21 40    0.0000 
2013  4  9 21 45    0.0000 
2013  4  9 21 50    0.0000 
2013  4  9 21 55    0.0000 
2013  4  9 22  0    0.0000 
2013  4  9 22  5    0.0000 
2013  4  9 22 10    0.0000 
2013  4  9 22 15    0.0000 
2013  4  9 22 20    0.0000 
2013  4  9 22 25    0.0000 
2013  4  9 22 30    0.0000 
2013  4  9 22 35    0.0000 
2013  4  9 22 40    0.0000 
2013  4  9 22 45    0.0000 
2013  4  9 22 50    0.0000 
2013  4  9 22 55    0.0000 
2013  4  9 23  0    0.0000 
2013  4  9 23  5    0.0000 
2013  4  9 23 10    0.0000 
2013  4  9 23 15    0.0000 
2013  4  9 23 20    0.0000 
2013  4  9 23 25    0.0000 
2013  4  9 23 30    0.0000 
2013  4  9 23 35    0.0000 
2013  4  9 23 40    0.0000 
2013  4  9 23 45    0.0000 
2013  4  9 23 50    0.0000 
2013  4  9 23 55    0.0000 
2013  4 10  0  0    0.0000 
2013  4 10  0  5    0.0000 
2013  4 10  0 10    0.0000 
2013  4 10  0 15    0.0000 
2013  4 10  0 20    0.0000 
2013  4 10  0 25    0.0000 
2013  4 10  0 30    0.0000 
2013  4 10  0 35    0.0000 
2013  4 10  0 40    0.0000 
2013  4 10  0 45    0.0000 
2013  4 10  0 50    0.0000 
2013  4 10  0 55    0.0000 
2013  4 10  1  0    0.0000 
2013  4 10  1  5    0.0000 
2013  4 10  1 10    0.0000 
2013  4 10  1 15    0.0000 
2013  4 10  1 20    0.0000 
2013  4 10  1 25    0.0000 
2013  4 10  1 30    0.0000 
2013  4 10  1 35    0.0000 
2013  4 10  1 40    0.0000 
2013  4 10  1 45    0.0000 
2013  4 10  1 50    0.0000 
2013  4 10  1 55    0.0000 
2013  4 10  2  0    0.0000 
2013  4 10  2  5    0.0000 
2013  4 10  2 10    0.0000 
2013  4 10  2 15    0.0000 
2013  4 10  2 20    0.0000 
2013  4 10  2 25    0.0000 
2013  4 10  2 30    0.0000 
2013  4 10  2 35    0.0000 
2013  4 10  2 40    0.0000 
2013  4 10  2 45    0.0000 
2013  4 10  2 50    0.0000 
2013  4 10  2 55    0.0000 
2013  4 10  3  0    0.0000 
2013  4 10  3  5    0.0000 
2013  4 10  3 10    0.0000 
2013  4 10  3 15    0.0000 
2013  4 10  3 20    0.0000 
2013  4 10  3 25    0.0000 
2013  4 10  3 30    0.0000 
2013  4 10  3 35    0.0000 
2013  4 10  3 40    0.0000 
2013  4 10  3 45    0.0000 
2013  4 10  3 50    0.0000 
2013  4 10  3 55    0.0000 
2013  4 10  4  0    0.0000 
2013  4 10  4  5    0.0000 
2013  4 10  4 10    0.0000 
2013  4 10  4 15    0.0000 
2013  4 10  4 20    0.0000 
2013  4 10  4 25    0.0000 
2013  4 10  4 30    0.0000 
2013  4 10  4 35    0.0000 
2013  4 10  4 40    0.0000 
2013  4 10  4 45    0.0000 
2013  4 10  4 50    0.0000 
2013  4 10  4 55    0.0000 
2013  4 10  5  0    0.0000 
2013  4 10  5  5    0.0000 
2013  4 10  5 10    0.0000 
2013  4 10  5 15    0.0000 
2013  4 10  5 20    0.0000 
2013  4 10  5 25    0.0000 
2013  4 10  5 30    0.0000 
2013  4 10  5 35    0.0000 
2013  4 10  5 40    0.0000 
2013  4 10  5 45    0.0000 
2013  4 10  5 50    0.0000 
2013  4 10  5 55    0.0000 
2013  4 10  6  0    0.0000 
2013  4 10  6  5    0.0000 
2013  4 10  6 10    0.0000 
2013  4 10  6 15    0.0000 
2013  4 10  6 20    0.0000 
2013  4 10  6 25    0.0000 
2013  4 10  6 30    0.0000 
2013  4 10  6 35    0.0000 
2013  4 10  6 40    0.0000 
2013  4 10  6 45    0.0000 
2013  4 10  6 50    0.0000 
2013  4 10  6 55    0.0000 
2013  4 10  7  0    0.0000 
2013  4 10  7  5    0.0000 
2013  4 10  7 10    0.0000 
2013  4 10  7 15    0.0000 
2013  4 10  7 20    0.0000 
2013  4 10  7 25    0.0000 
2013  4 10  7 30    0.0000 
2013  4 10  7 35    0.0000 
2013  4 10  7 40    0.0000 
2013  4 10  7 45    0.0000 
2013  4 10  7 50    0.0000 
2013  4 10  7 55    0.0000 
2013  4 10  8  0    0.0000 
2013  4 10  8  5    0.0000 
2013  4 10  8 10    0.0000 
2013  4 10  8 15    0.0000 
2013  4 10  8 20    0.0000 
2013  4 10  8 25    0.0000 
2013  4 10  8 30    0.0000 
2013  4 10  8 35    0.0000 
2013  4 10  8 40    0.0000 
2013  4 10  8 45    0.0000 
2013  4 10  8 50    0.0000 
2013  4 10  8 55    0.0000 
2013  4 10  9  0    0.0000 
2013  4 10  9  5    0.0000 
2013  4 10  9 10    0.0000 
2013  4 10  9 15    0.0000 
2013  4 10  9 20    0.0000 
2013  4 10  9 25    0.0000 
2013  4 10  9 30    0.0000 
2013  4 10  9 35    0.0000 
2013  4 10  9 40    0.0000 
2013  4 10  9 45    0.0000 
2013  4 10  9 50    0.0000 
2013  4 10  9 55    0.0000 
2013  4 10 10  0    0.0000 
2013  4 10 10  5    0.0000 
2013  4 10 10 10    0.0000 
2013  4 10 10 15    0.0000 
2013  4 10 10 20    0.0000 
2013  4 10 10 25    0.0000 
2013  4 10 10 30    0.0000 
2013  4 10 10 35    0.0000 
2013  4 10 10 40    0.0000 
2013  4 10 10 45    0.0000 
2013  4 10 10 50    0.0000 
2013  4 10 10 55    0.0000 
2013  4 10 11  0    0.0000 
2013  4 10 11  5    0.0000 
2013  4 10 11 10    0.0000 
2013  4 10 11 15    0.0000 
2013  4 10 11 20    0.0000 
2013  4 10 11 25    0.0000 
2013  4 10 11 30    0.0000 
2013  4 10 11 35    0.0000 
2013  4 10 11 40    0.0000 
2013  4 10 11 45    0.0000 
2013  4 10 11 50    0.0000 
2013  4 10 11 55    0.0000 
2013  4 10 12  0    0.0000 
2013  4 10 12  5    0.0000 
2013  4 10 12 10    0.0000 
2013  4 10 12 15    0.0000 
2013  4 10 12 20    0.0000 
2013  4 10 12 25    0.0000 
2013  4 10 12 30    0.0000 
2013  4 10 12 35    0.0000 
2013  4 10 12 40    0.0000 
2013  4 10 12 45    0.0000 
2013  4 10 12 50    0.0000 
2013  4 10 12 55    0.0000 
2013  4 10 13  0    0.0000 
2013  4 10 13  5    0.0000 
2013  4 10 13 10    0.0000 
2013  4 10 13 15    0.0000 
2013  4 10 13 20    0.0000 
2013  4 10 13 25    0.0000 
2013  4 10 13 30    0.0000 
2013  4 10 13 35    0.0000 
2013  4 10 13 40    0.0000 
2013  4 10 13 45    0.0000 
2013  4 10 13 50    0.0000 
2013  4 10 13 55    0.0000 
2013  4 10 14  0    0.0000 
2013  4 10 14  5    0.0000 
2013  4 10 14 10    0.0000 
2013  4 10 14 15    0.0000 
2013  4 10 14 20    0.0000 
2013  4 10 14 25    0.0000 
2013  4 10 14 30    0.0000 
2013  4 10 14 35    0.0000 
2013  4 10 14 40    0.0000 
2013  4 10 14 45    0.0000 
2013  4 10 14 50    0.0000 
2013  4 10 14 55    0.0000 
2013  4 10 15  0    0.0000 
2013  4 10 15  5    0.0000 
2013  4 10 15 10    0.0000 
2013  4 10 15 15    0.0000 
2013  4 10 15 20    0.0000 
2013  4 10 15 25    0.0000 
2013  4 10 15 30    0.0000 
2013  4 10 15 35    0.0000 
2013  4 10 15 40    0.0000 
2013  4 10 15 45    0.0000 
2013  4 10 15 50    0.0000 
2013  4 10 15 55    0.0000 
2013  4 10 16  0    0.0000 
2013  4 10 16  5    0.0000 
2013  4 10 16 10    0.0000 
2013  4 10 16 15    0.0000 
2013  4 10 16 20    0.0000 
2013  4 10 16 25    0.0000 
2013  4 10 16 30    0.0000 
2013  4 10 16 35    0.0000 
2013  4 10 16 40    0.0000 
2013  4 10 16 45    0.0000 
2013  4 10 16 50    0.0000 
2013  4 10 16 55    0.0000 
2013  4 10 17  0    0.0000 
2013  4 10 17  5    0.0000 
2013  4 10 17 10    0.0000 
2013  4 10 17 15    0.0000 
2013  4 10 17 20    0.0000 
2013  4 10 17 25    0.0000 
2013  4 10 17 30    0.0000 
2013  4 10 17 35    0.0000 
2013  4 10 17 40    0.0000 
2013  4 10 17 45    0.0000 
2013  4 10 17 50    0.0000 
2013  4 10 17 55    0.0000 
2013  4 10 18  0    0.0000 
2013  4 10 18  5    0.0000 
2013  4 10 18 10    0.0000 
2013  4 10 18 15    0.0000 
2013  4 10 18 20    0.0000 
2013  4 10 18 25    0.0000 
2013  4 10 18 30    0.0000 
2013  4 10 18 35    0.0000 
2013  4 10 18 40    0.0000 
2013  4 10 18 45    0.0000 
2013  4 10 18 50    0.0000 
2013  4 10 18 55    0.0000 
2013  4 10 19  0    0.0000 
2013  4 10 19  5    0.0000 
2013  4 10 19 10    0.0000 
2013  4 10 19 15    0.0000 
2013  4 10 19 20    0.0000 
2013  4 10 19 25    0.0000 
2013  4 10 19 30    0.0000 
2013  4 10 19 35    0.0000 
2013  4 10 19 40    0.0000 
2013  4 10 19 45    0.0000 
2013  4 10 19 50    0.0000 
2013  4 10 19 55    0.0000 
2013  4 10 20  0    0.0000 
2013  4 10 20  5    0.0000 
2013  4 10 20 10    0.0000 
2013  4 10 20 15    0.0000 
2013  4 10 20 20    0.0000 
2013  4 10 20 25    0.0000 
2013  4 10 20 30    0.0000 
2013  4 10 20 35    0.0000 
2013  4 10 20 40    0.0000 
2013  4 10 20 45    0.0000 
2013  4 10 20 50    0.0000 
2013  4 10 20 55    0.0000 
2013  4 10 21  0    0.0000 
2013  4 10 21  5    0.0000 
2013  4 10 21 10    0.0000 
2013  4 10 21 15    0.0000 
2013  4 10 21 20    0.0000 
2013  4 10 21 25    0.0000 
2013  4 10 21 30    0.0000 
2013  4 10 21 35    0.0000 
2013  4 10 21 40    0.0000 
2013  4 10 21 45    0.0000 
2013  4 10 21 50    0.0000 
2013  4 10 21 55    0.0000 
2013  4 10 22  0    0.0000 
2013  4 10 22  5    0.0000 
2013  4 10 22 10    0.0000 
2013  4 10 22 15    0.0000 
2013  4 10 22 20    0.0000 
2013  4 10 22 25    0.0000 
2013  4 10 22 30    0.0000 
2013  4 10 22 35    0.0000 
2013  4 10 22 40    0.0000 
2013  4 10 22 45    0.0000 
2013  4 10 22 50    0.0000 
2013  4 10 22 55    0.0000 
2013  4 10 23  0    0.0000 
2013  4 10 23  5    0.0000 
2013  4 10 23 10    0.0000 
2013  4 10 23 15    0.0000 
2013  4 10 23 20    0.0000 
2013  4 10 23 25    0.0000 
2013  4 10 23 30    0.0000 
2013  4 10 23 35    2.5400 
2013  4 10 23 40    2.0320 
2013  4 10 23 45    0.2540 
2013  4 10 23 50    0.0000 
2013  4 10 23 55    0.5080 
2013  4 11  0  0    0.0000 
2013  4 11  0  5    0.2540 
2013  4 11  0 10    0.0000 
2013  4 11  0 15    0.0000 
2013  4 11  0 20    0.0000 
2013  4 11  0 25    3.0480 
2013  4 11  0 30    3.3020 
2013  4 11  0 35    0.5080 
2013  4 11  0 40    0.7620 
2013  4 11  0 45    0.0000 
2013  4 11  0 50    0.0000 
2013  4 11  0 55    0.2540 
2013  4 11  1  0    0.0000 
2013  4 11  1  5    0.0000 
2013  4 11  1 10    0.0000 
2013  4 11  1 15    0.0000 
2013  4 11  1 20    0.0000 
2013  4 11  1 25    0.0000 
2013  4 11  1 30    0.0000 
2013  4 11  1 35    0.0000 
2013  4 11  1 40    0.0000 
2013  4 11  1 45    0.0000 
2013  4 11  1 50    0.0000 
2013  4 11  1 55    0.0000 
2013  4 11  2  0    0.0000 
2013  4 11  2  5    0.0000 
2013  4 11  2 10    0.0000 
2013  4 11  2 15    0.0000 
2013  4 11  2 20    0.2540 
2013  4 11  2 25    0.7620 
2013  4 11  2 30    1.2700 
2013  4 11  2 35    0.7620 
2013  4 11  2 40    0.5080 
2013  4 11  2 45    0.2540 
2013  4 11  2 50    0.0000 
2013  4 11  2 55    0.0000 
2013  4 11  3  0    0.2540 
2013  4 11  3  5    0.2540 
2013  4 11  3 10    0.0000 
2013  4 11  3 15    0.2540 
2013  4 11  3 20    0.2540 
2013  4 11  3 25    0.5080 
2013  4 11  3 30    0.2540 
2013  4 11  3 35    0.0000 
2013  4 11  3 40    0.2540 
2013  4 11  3 45    0.2540 
2013  4 11  3 50    0.0000 
2013  4 11  3 55    0.2540 
2013  4 11  4  0    0.0000 
2013  4 11  4  5    0.0000 
2013  4 11  4 10    0.0000 
2013  4 11  4 15    0.0000 
2013  4 11  4 20    0.0000 
2013  4 11  4 25    0.0000 
2013  4 11  4 30    0.0000 
2013  4 11  4 35    0.0000 
2013  4 11  4 40    0.2540 
2013  4 11  4 45    0.0000 
2013  4 11  4 50    0.0000 
2013  4 11  4 55    0.0000 
2013  4 11  5  0    0.0000 
2013  4 11  5  5    0.0000 
2013  4 11  5 10    0.0000 
2013  4 11  5 15    0.0000 
2013  4 11  5 20    0.0000 
2013  4 11  5 25    0.0000 
2013  4 11  5 30    0.0000 
2013  4 11  5 35    0.0000 
2013  4 11  5 40    0.0000 
2013  4 11  5 45    0.0000 
2013  4 11  5 50    0.0000 
2013  4 11  5 55    0.0000 
2013  4 11  6  0    0.0000 
2013  4 11  6  5    0.0000 
2013  4 11  6 10    0.0000 
2013  4 11  6 15    0.0000 
2013  4 11  6 20    0.0000 
2013  4 11  6 25    0.0000 
2013  4 11  6 30    0.0000 
2013  4 11  6 35    0.0000 
2013  4 11  6 40    0.0000 
2013  4 11  6 45    0.0000 
2013  4 11  6 50    0.0000 
2013  4 11  6 55    0.0000 
2013  4 11  7  0    0.0000 
2013  4 11  7  5    0.0000 
2013  4 11  7 10    0.0000 
2013  4 11  7 15    0.0000 
2013  4 11  7 20    0.0000 
2013  4 11  7 25    0.0000 
2013  4 11  7 30    0.0000 
2013  4 11  7 35    0.0000 
2013  4 11  7 40    0.0000 
2013  4 11  7 45    0.0000 
2013  4 11  7 50    0.0000 
2013  4 11  7 55    0.0000 
2013  4 11  8  0    0.0000 
2013  4 11  8  5    0.0000 
2013  4 11  8 10    0.0000 
2013  4 11  8 15    0.0000 
2013  4 11  8 20    0.0000 
2013  4 11  8 25    0.0000 
2013  4 11  8 30    0.0000 
2013  4 11  8 35    0.0000 
2013  4 11  8 40    0.0000 
2013  4 11  8 45    0.0000 
2013  4 11  8 50    0.0000 
2013  4 11  8 55    0.0000 
2013  4 11  9  0    0.0000 
2013  4 11  9  5    0.0000 
2013  4 11  9 10    0.0000 
2013  4 11  9 15    0.0000 
2013  4 11  9 20    0.0000 
2013  4 11  9 25    0.0000 
2013  4 11  9 30    0.0000 
2013  4 11  9 35    0.0000 
2013  4 11  9 40    0.0000 
2013  4 11  9 45    0.0000 
2013  4 11  9 50    0.0000 
2013  4 11  9 55    0.0000 
2013  4 11 10  0    0.0000 
2013  4 11 10  5    0.0000 
2013  4 11 10 10    0.0000 
2013  4 11 10 15    0.0000 
2013  4 11 10 20    0.0000 
2013  4 11 10 25    0.0000 
2013  4 11 10 30    0.0000 
2013  4 11 10 35    0.0000 
2013  4 11 10 40    0.0000 
2013  4 11 10 45    0.0000 
2013  4 11 10 50    0.0000 
2013  4 11 10 55    0.0000 
2013  4 11 11  0    0.0000 
2013  4 11 11  5    0.0000 
2013  4 11 11 10    0.0000 
2013  4 11 11 15    0.0000 
2013  4 11 11 20    0.0000 
2013  4 11 11 25    0.0000 
2013  4 11 11 30    0.0000 
2013  4 11 11 35    0.0000 
2013  4 11 11 40    0.0000 
2013  4 11 11 45    0.0000 
2013  4 11 11 50    0.0000 
2013  4 11 11 55    0.0000 
2013  4 11 12  0    0.0000 
2013  4 11 12  5    0.0000 
2013  4 11 12 10    0.0000 
2013  4 11 12 15    0.0000 
2013  4 11 12 20    0.0000 
2013  4 11 12 25    0.0000 
2013  4 11 12 30    0.0000 
2013  4 11 12 35    0.0000 
2013  4 11 12 40    0.0000 
2013  4 11 12 45    0.0000 
2013  4 11 12 50    0.0000 
2013  4 11 12 55    0.0000 
2013  4 11 13  0    0.0000 
2013  4 11 13  5    0.0000 
2013  4 11 13 10    0.0000 
2013  4 11 13 15    0.0000 
2013  4 11 13 20    0.0000 
2013  4 11 13 25    0.0000 
2013  4 11 13 30    0.0000 
